     0/299     8.18G   0.09726   0.05891    0.0323    0.1885        32       640    0.7437    0.1095   0.06079  0.001761   0.01338   0.08108    0.0369   0.01633
     1/299     8.17G   0.08164   0.04623   0.01539    0.1433        45       640    0.4609    0.3405    0.2234   0.01246    0.0622   0.07322   0.02935    0.0142
     2/299     8.17G   0.07328   0.04226   0.01232    0.1279        30       640    0.4703    0.3688    0.3098   0.04067    0.1044   0.05714   0.02954   0.00959
     3/299     8.17G   0.06359   0.04131   0.01038    0.1153        46       640    0.6615    0.3667    0.4145   0.07903    0.1557   0.05462   0.02821   0.00767
     4/299     8.17G   0.05711   0.04041  0.009899    0.1074        17       640    0.7012    0.4297    0.4788     0.127    0.1935   0.04879   0.02794  0.007522
     5/299     8.17G   0.05177   0.03827   0.00854   0.09858        19       640    0.7238    0.4799    0.5432    0.1738    0.2392   0.04553   0.02654  0.005948
     6/299     8.17G   0.04996   0.03737  0.007435   0.09477        19       640    0.7144    0.4924    0.5665    0.2627    0.2799   0.04086   0.02555  0.005499
     7/299     8.17G    0.0476   0.03658  0.006729   0.09091        37       640    0.7146    0.5219    0.5898     0.235    0.2786   0.04135   0.02523  0.004946
     8/299     8.17G   0.04617    0.0357  0.006567   0.08843        29       640    0.7288    0.6077    0.6366    0.3106    0.3302   0.03954   0.02483  0.004701
     9/299     8.17G   0.04569     0.035  0.005995   0.08668        36       640    0.7496    0.5898    0.6435    0.2919    0.3257    0.0385   0.02454  0.004554
    10/299     8.17G   0.04446   0.03469  0.005668   0.08482        30       640    0.7253    0.6153    0.6629    0.3334    0.3389   0.03806   0.02449  0.004224
    11/299     8.17G   0.04289   0.03338  0.005119    0.0814        20       640    0.7748    0.6189    0.6756    0.3156    0.3346   0.03687   0.02414   0.00391
    12/299     8.17G    0.0427   0.03443  0.004949   0.08207        41       640     0.771    0.6638    0.7033     0.381      0.38   0.03807   0.02378  0.003909
    13/299     8.17G   0.04178   0.03306  0.004644   0.07948        28       640    0.7895    0.6638    0.7214    0.4075     0.397   0.03495   0.02379  0.003724
    14/299     8.17G   0.04173   0.03506  0.005371   0.08216        16       640    0.8005    0.6181    0.6958    0.3889    0.3912   0.03436   0.02395  0.003749
    15/299     8.17G    0.0409   0.03389  0.004496   0.07929        19       640    0.8244    0.6576    0.7338    0.4352    0.4157   0.03447   0.02356  0.003653
    16/299     8.17G   0.03982   0.03279  0.004371   0.07698        33       640    0.7747    0.6887    0.7304     0.413    0.4061   0.03383   0.02323   0.00348
    17/299     8.17G   0.03913     0.032  0.004191   0.07532        51       640    0.7623    0.7098    0.7506    0.4337    0.4228   0.03451   0.02305  0.003396
    18/299     8.17G   0.03932   0.03188  0.004001    0.0752        23       640    0.8564    0.6746    0.7576    0.4212    0.4263   0.03343   0.02292  0.003387
    19/299     8.17G   0.03839   0.03139  0.004035   0.07381        88       640    0.8226    0.7078    0.7557    0.4276    0.4245   0.03286    0.0228  0.003337
    20/299     8.17G   0.03844    0.0321  0.004095   0.07464        27       640    0.7917    0.6801    0.7282    0.4126      0.41   0.03382   0.02338   0.00365
    21/299     8.17G   0.03843    0.0327  0.004144   0.07527        14       640    0.8053    0.6742    0.7295    0.4038    0.4102   0.03259   0.02302   0.00326
    22/299     8.17G   0.03793   0.03186  0.003945   0.07373        53       640    0.8187    0.7016    0.7652    0.4269     0.426   0.03344   0.02285  0.003219
    23/299     8.17G   0.03842   0.03299  0.004552   0.07596        38       640    0.7616    0.6522    0.7002    0.4142    0.4041   0.03391   0.02506  0.004473
    24/299     8.17G   0.03857   0.03412  0.005367   0.07806        46       640    0.7924    0.6528    0.7166    0.4311    0.4122   0.03325   0.02415  0.003856
    25/299     8.17G   0.03861   0.03312  0.004864   0.07659        13       640    0.8463    0.6515    0.7313    0.4246    0.4196   0.03441   0.02392  0.003657
    26/299     8.17G   0.03779   0.03315  0.004517   0.07545        71       640    0.8001    0.6764    0.7322    0.4346    0.4178   0.03559    0.0237  0.003476
    27/299     8.17G    0.0378   0.03283  0.004439   0.07507        71       640    0.8123    0.7163     0.766    0.4732    0.4521   0.03221   0.02339  0.003588
    28/299     8.17G   0.03691   0.03217  0.003918   0.07301        31       640    0.7704    0.7495    0.7746    0.4684    0.4529    0.0322   0.02306  0.003013
    29/299     8.17G   0.03619   0.03058  0.003512   0.07028        57       640    0.8363      0.72    0.7832    0.4835    0.4652   0.03172   0.02243  0.003058
    30/299     8.17G   0.03664   0.03057  0.003394    0.0706        28       640    0.8499    0.7114    0.7811    0.4804     0.463   0.03167   0.02234  0.003051
    31/299     8.17G    0.0361   0.03039  0.003398   0.06989        18       640    0.8571    0.7256    0.7943    0.4917    0.4765   0.03157   0.02213  0.002998
    32/299     8.17G    0.0357   0.02994  0.003371   0.06901        61       640    0.8593    0.7322    0.7981    0.4998    0.4776   0.03143   0.02212  0.002823
    33/299     8.17G   0.03526    0.0298  0.003249   0.06831        17       640    0.8507    0.7359    0.8011    0.4957    0.4801   0.03165   0.02237  0.002878
    34/299     8.17G    0.0355   0.02981  0.003333   0.06865        45       640    0.8679     0.739    0.8051    0.5007    0.4857   0.03027   0.02209  0.002865
    35/299     8.17G   0.03468   0.02918  0.003119   0.06698        16       640    0.8344    0.7543    0.8082    0.4983    0.4799   0.03064   0.02199  0.002813
    36/299     8.17G   0.03456   0.02946   0.00334   0.06736        57       640    0.8309    0.7559    0.8058    0.5092    0.4881   0.03017   0.02189  0.002967
    37/299     8.17G   0.03418    0.0294  0.002976   0.06656        23       640      0.86    0.7256    0.7844    0.4939    0.4706   0.03086   0.02183  0.002733
    38/299     8.17G    0.0347   0.02977  0.003052   0.06753        40       640    0.8772     0.749    0.8157    0.5062    0.4885   0.03019   0.02181  0.002786
    39/299     8.17G   0.03436   0.02917  0.003015   0.06655        29       640    0.8761    0.7516    0.8125    0.5132    0.4906   0.03008    0.0218  0.002784
    40/299     8.17G   0.03373    0.0292  0.003081   0.06601        72       640     0.853    0.7397    0.8042     0.503    0.4886   0.03098   0.02184   0.00275
    41/299     8.17G     0.034   0.02996   0.00326   0.06721        34       640    0.8396    0.7359    0.7965    0.5024    0.4815   0.03058   0.02211  0.002869
    42/299     8.17G   0.03353   0.02875  0.003048   0.06533        39       640    0.8834    0.7353    0.8052     0.511    0.4948   0.02977   0.02182  0.002672
    43/299     8.17G   0.03394   0.02867  0.003088    0.0657        21       640    0.8751    0.7424    0.8088    0.5296    0.4991   0.02983    0.0218  0.002892
    44/299     8.17G    0.0336   0.02888  0.002998   0.06548        46       640    0.8656    0.7415     0.812    0.5224    0.5047   0.02971   0.02168  0.002854
    45/299     8.17G   0.03363   0.02914  0.002986   0.06576        32       640    0.8937    0.7444    0.8121    0.5282    0.4994   0.02961   0.02167  0.002544
    46/299     8.17G   0.03404   0.02842  0.002895   0.06536        28       640    0.8782    0.7534    0.8097    0.5347    0.4952   0.02951   0.02168  0.002829
    47/299     8.17G   0.03323   0.02877  0.002891   0.06489        12       640    0.8939    0.7485    0.8254    0.5305    0.5039   0.02928   0.02151  0.002602
    48/299     8.17G   0.03333   0.02876  0.002754   0.06484        88       640    0.8716    0.7664    0.8225    0.5147    0.4994   0.02955   0.02159  0.002694
    49/299     8.17G   0.03294   0.02809  0.002758   0.06379        72       640    0.8659    0.7732    0.8248    0.5277    0.5095   0.02929   0.02148  0.002618
    50/299     8.17G   0.03273   0.02786  0.002719   0.06331        30       640    0.8676    0.7762    0.8289    0.5379    0.5118   0.02937   0.02145  0.002548
    51/299     8.17G    0.0328   0.02773  0.002792   0.06332        18       640    0.8661    0.7699    0.8282    0.5351    0.5175   0.02909   0.02139   0.00257
    52/299     8.17G   0.03226   0.02748  0.002725   0.06246        31       640     0.892    0.7641    0.8252    0.5341    0.5071   0.02894   0.02145  0.002447
    53/299     8.17G   0.03229   0.02816  0.002722   0.06317        40       640    0.8851    0.7663    0.8389    0.5523    0.5219   0.02873   0.02114  0.002471
    54/299     8.17G   0.03203   0.02773  0.002581   0.06234        60       640    0.8892    0.7557    0.8219    0.5205    0.5032   0.02921   0.02129  0.002564
    55/299     8.17G   0.03215   0.02771  0.002751   0.06261        45       640    0.8759    0.7349    0.7977    0.5009    0.4892   0.03051   0.02342  0.002914
    56/299     8.17G   0.03334   0.03038  0.003266   0.06698        37       640     0.842    0.7642    0.8139     0.523    0.4976   0.02957   0.02224  0.002646
    57/299     8.17G   0.03277   0.02856  0.002796   0.06413        69       640    0.8636    0.7595    0.8216    0.5378    0.5086   0.02911   0.02174  0.002582
    58/299     8.17G    0.0322   0.02819  0.002685   0.06307        22       640    0.8901    0.7618    0.8237    0.5413    0.5172   0.02855   0.02131  0.002621
    59/299     8.17G   0.03182   0.02768  0.002549   0.06205        17       640    0.8902    0.7678    0.8343    0.5314    0.5149   0.02856   0.02136  0.002664
    60/299     8.17G   0.03165   0.02685  0.002568   0.06107        50       640    0.8745    0.7819    0.8359    0.5517    0.5199   0.02852   0.02124  0.002532
    61/299     8.17G   0.03151   0.02743  0.002517   0.06146        22       640    0.8723    0.7701    0.8279    0.5394    0.5159    0.0285   0.02115  0.002772
    62/299     8.17G   0.03136   0.02712  0.002427   0.06091        24       640    0.8852    0.7623    0.8328    0.5355     0.518   0.02845   0.02136   0.00261
    63/299     8.17G   0.03156   0.02737  0.002499   0.06142        47       640    0.8872    0.7755    0.8337    0.5388     0.522   0.02842   0.02121  0.002558
    64/299     8.17G   0.03093   0.02703  0.002449    0.0604        21       640    0.8932    0.7584     0.826    0.5521    0.5199   0.02838   0.02136  0.002458
    65/299     8.17G   0.03167   0.02731  0.002642   0.06163        62       640    0.8716    0.7744    0.8332     0.557    0.5187   0.02828   0.02128  0.002493
    66/299     8.17G     0.031   0.02643  0.002432   0.05986        26       640    0.8975    0.7728    0.8373    0.5491    0.5242    0.0283    0.0213  0.002523
    67/299     8.17G   0.03095   0.02698  0.002583   0.06051        36       640    0.9018    0.7647    0.8384    0.5562    0.5272    0.0286   0.02136  0.002458
    68/299     8.17G   0.03084   0.02685  0.002515    0.0602        34       640    0.8744    0.7812    0.8377    0.5512    0.5301   0.02824   0.02135  0.002423
    69/299     8.17G   0.03076   0.02643  0.002388   0.05958        63       640    0.8904    0.7761    0.8423    0.5601    0.5311   0.02823   0.02121  0.002541
    70/299     8.17G   0.03073   0.02719  0.002451   0.06037        33       640    0.9056    0.7746    0.8433    0.5508    0.5281   0.02812   0.02111  0.002471
    71/299     8.17G   0.03053   0.02646  0.002433   0.05942        28       640     0.907    0.7698     0.843    0.5541    0.5277   0.02808   0.02127  0.002611
    72/299     8.17G   0.03017    0.0264  0.002285   0.05885        33       640    0.8772    0.7845    0.8441    0.5535    0.5329   0.02798   0.02106  0.002464
    73/299     8.17G   0.03048   0.02622  0.002468   0.05917        40       640    0.8706    0.7928    0.8396    0.5583    0.5313   0.02814   0.02106  0.002533
    74/299     8.17G   0.03092   0.02625  0.002358   0.05953        43       640     0.882    0.7818    0.8384    0.5469    0.5299   0.02806    0.0212  0.002586
    75/299     8.17G      0.03   0.02675  0.002395   0.05914        26       640    0.8962    0.7761    0.8417    0.5594    0.5344   0.02806    0.0212  0.002511
    76/299     8.17G   0.03013    0.0262  0.002223   0.05855        58       640    0.8759    0.8005    0.8475    0.5535    0.5352   0.02794   0.02107  0.002535
    77/299     8.17G    0.0305    0.0265  0.002446   0.05945        13       640    0.8781    0.7917    0.8394     0.559    0.5329   0.02795    0.0212  0.002635
    78/299     8.17G   0.03066   0.02641  0.002319   0.05939        53       640    0.8995    0.7851    0.8435    0.5656    0.5355   0.02783   0.02098  0.002546
    79/299     8.17G   0.02984   0.02577   0.00222   0.05782        37       640    0.8602    0.8049    0.8459    0.5578    0.5377   0.02751   0.02094  0.002611
    80/299     8.17G      0.03   0.02667  0.002333     0.059        23       640    0.8837    0.7975     0.847    0.5547    0.5328   0.02758   0.02096  0.002736
    81/299     8.17G   0.02982   0.02624  0.002259   0.05832        68       640    0.8665    0.7955    0.8456    0.5671    0.5357   0.02775     0.021  0.002855
    82/299     8.17G   0.02965   0.02565  0.002267   0.05757        95       640    0.8775    0.7931    0.8418    0.5554    0.5356   0.02763   0.02102  0.002723
    83/299     8.17G   0.02986   0.02633  0.002298   0.05849        35       640     0.896    0.7892    0.8582    0.5665    0.5406    0.0276   0.02102  0.002465
    84/299     8.17G   0.02984   0.02598  0.002186   0.05801        30       640    0.8873    0.7997    0.8535    0.5605     0.538   0.02751   0.02094  0.002437
    85/299     8.17G    0.0294   0.02587  0.002216   0.05748        19       640    0.9027    0.7886     0.848    0.5676    0.5414   0.02756     0.021  0.002404
    86/299     8.17G    0.0294    0.0256  0.002173   0.05717        37       640    0.8906    0.8047    0.8539    0.5709    0.5425   0.02752   0.02102  0.002399
    87/299     8.17G   0.02915    0.0258  0.002106   0.05705        43       640    0.8794    0.8051    0.8538    0.5725    0.5446   0.02769   0.02117  0.002384
    88/299     8.17G   0.02914   0.02569   0.00216   0.05699        44       640    0.8715    0.7968    0.8502    0.5749    0.5423    0.0275   0.02092  0.002406
    89/299     8.17G   0.02873    0.0254  0.002303   0.05644        38       640    0.8937    0.7895    0.8533    0.5692    0.5431   0.02739   0.02108  0.002682
    90/299     8.17G   0.02923   0.02586  0.002246   0.05733        65       640    0.8895    0.7853    0.8518    0.5683    0.5461   0.02732     0.021  0.002623
    91/299     8.17G   0.02942   0.02585  0.002231    0.0575        25       640    0.8878    0.7888    0.8524    0.5691    0.5475   0.02736   0.02098  0.002504
    92/299     8.17G   0.02914   0.02541  0.002128   0.05667        36       640    0.8728    0.8009    0.8502    0.5698    0.5481   0.02727   0.02103  0.002445
    93/299     8.17G   0.02936   0.02599  0.002151    0.0575        70       640    0.8878    0.7993    0.8546    0.5704     0.545   0.02715   0.02095  0.002363
    94/299     8.17G   0.02898   0.02544  0.002167   0.05659        85       640    0.8969     0.794    0.8601    0.5724    0.5457   0.02741   0.02113  0.002404
    95/299     8.17G   0.02873   0.02572  0.002114   0.05657        68       640    0.8794    0.8195    0.8618     0.573    0.5466   0.02721    0.0211  0.002392
    96/299     8.17G   0.02901   0.02556  0.002136   0.05671        37       640    0.8913    0.8013    0.8566    0.5753    0.5457   0.02706   0.02098  0.002341
    97/299     8.17G   0.02865   0.02497  0.002147   0.05576        13       640    0.8978    0.7949    0.8563    0.5767    0.5484   0.02726   0.02103  0.002336
    98/299     8.17G   0.02851   0.02517  0.002056   0.05573        29       640    0.8935    0.8007    0.8538    0.5765    0.5502    0.0272   0.02094  0.002328
    99/299     8.17G   0.02829   0.02472  0.002068   0.05507        52       640    0.8978    0.7912    0.8561    0.5846    0.5473   0.02712    0.0211  0.002341
   100/299     8.17G   0.02851   0.02544  0.002052     0.056        18       640    0.8506    0.8399    0.8606     0.578    0.5522   0.02701   0.02096  0.002414
   101/299     8.17G   0.02837   0.02525  0.002118   0.05574        44       640    0.8716    0.8188    0.8599    0.5923    0.5552   0.02709   0.02102  0.002436
   102/299     8.17G   0.02863   0.02508  0.002114   0.05582        46       640    0.8789    0.8146    0.8559    0.5756    0.5453     0.027   0.02092  0.002523
   103/299     8.17G   0.02819   0.02473  0.002095   0.05502        22       640    0.8914    0.8069    0.8563    0.5877    0.5503   0.02689   0.02083  0.002689
   104/299     8.17G   0.02832   0.02509  0.002049   0.05547        49       640    0.8895    0.8186    0.8609    0.5842    0.5527   0.02688   0.02101  0.002659
   105/299     8.17G   0.02803   0.02494  0.002034     0.055         9       640    0.8778    0.8209    0.8576    0.5884    0.5518   0.02681   0.02084  0.002477
   106/299     8.17G   0.02827   0.02488  0.002056   0.05521        62       640    0.9105    0.7883    0.8576    0.5938    0.5555   0.02681   0.02083   0.00245
   107/299     8.17G   0.02825   0.02469  0.002009   0.05496        34       640    0.9003    0.8002    0.8578    0.5812    0.5489   0.02684   0.02088  0.002514
   108/299     8.17G   0.02819   0.02455  0.002008   0.05475        16       640    0.9005     0.807    0.8615    0.5851     0.554   0.02683   0.02085  0.002404
   109/299     8.17G   0.02809   0.02508  0.001937   0.05511        53       640    0.8939    0.8205    0.8662    0.5792    0.5532   0.02666   0.02087  0.002341
   110/299     8.17G   0.02797   0.02506   0.00212   0.05515        65       640    0.9044    0.8049     0.862     0.576    0.5556   0.02664   0.02081  0.002381
   111/299     8.17G   0.02734   0.02453  0.001986   0.05386        35       640    0.9138    0.7926    0.8592    0.5885    0.5571   0.02668   0.02098  0.002595
   112/299     8.17G   0.02767   0.02456  0.002043   0.05427        47       640    0.8833    0.8111    0.8569    0.5927     0.558   0.02665   0.02086  0.002613
   113/299     8.17G   0.02779   0.02481  0.001886   0.05448        77       640    0.8964    0.8079    0.8623    0.5822    0.5579   0.02676    0.0209  0.002362
   114/299     8.17G   0.02772   0.02437  0.001959   0.05404        14       640    0.8998    0.8046    0.8627    0.5947    0.5588   0.02649   0.02074  0.002537
   115/299     8.17G   0.02753   0.02409  0.001911   0.05353        23       640     0.908    0.8046    0.8611    0.5923    0.5543    0.0265   0.02069  0.002597
   116/299     8.17G   0.02787   0.02446  0.001995   0.05432        22       640    0.8624    0.8352     0.864    0.5908     0.559   0.02658   0.02075  0.002559
   117/299     8.17G   0.02739   0.02426  0.001906   0.05356        37       640    0.8645    0.8271    0.8578    0.5938    0.5595   0.02644   0.02084  0.002589
   118/299     8.17G   0.02751   0.02398   0.00201   0.05349        51       640    0.9136    0.7963    0.8613    0.5973    0.5634   0.02645    0.0208  0.002497
   119/299     8.17G   0.02716    0.0244  0.001894   0.05345        45       640     0.898     0.806    0.8622    0.6024     0.563   0.02645   0.02077   0.00254
   120/299     8.17G   0.02717   0.02413  0.001855   0.05316        28       640     0.872    0.8249    0.8595    0.5912    0.5634   0.02642   0.02083   0.00248
   121/299     8.17G   0.02719   0.02422  0.001924   0.05333        34       640     0.899     0.801    0.8586    0.5935    0.5627   0.02644   0.02091  0.002403
   122/299     8.17G   0.02707    0.0244  0.001854   0.05332        39       640    0.8845    0.8162    0.8615    0.5945    0.5663   0.02639   0.02088  0.002416
   123/299     8.17G   0.02715   0.02379  0.002001   0.05294        58       640    0.9099    0.8012    0.8574    0.6001    0.5623   0.02641   0.02076  0.002459
   124/299     8.17G   0.02691   0.02418  0.001871   0.05295        21       640     0.879    0.8167    0.8596    0.5984    0.5609   0.02652   0.02079  0.002438
   125/299     8.17G   0.02718    0.0242  0.001884   0.05326        33       640    0.8745    0.8246    0.8578    0.5957    0.5623   0.02649   0.02094  0.002408
   126/299     8.17G   0.02708   0.02417  0.001849    0.0531        33       640    0.8772    0.8326     0.864    0.5938    0.5643   0.02654   0.02088   0.00242
   127/299     8.17G   0.02701   0.02369  0.001798   0.05249        85       640    0.8663    0.8395    0.8653    0.6008    0.5634    0.0265   0.02096  0.002619
   128/299     8.17G   0.02677   0.02387  0.001956   0.05259        36       640     0.876    0.8322    0.8658    0.6009    0.5645   0.02648   0.02093  0.002481
   129/299     8.17G   0.02718    0.0242  0.001811   0.05318        70       640    0.8926    0.8272     0.872    0.5935    0.5656   0.02648   0.02101  0.002438
   130/299     8.17G   0.02691   0.02364  0.001869   0.05241        53       640    0.8702    0.8364    0.8692    0.5971    0.5656   0.02642   0.02098  0.002351
   131/299     8.17G   0.02689   0.02377  0.001876   0.05254        34       640    0.8851    0.8135    0.8629    0.5938    0.5655   0.02643   0.02106  0.002343
   132/299     8.17G   0.02633    0.0235  0.001874   0.05171        27       640    0.9082    0.7983    0.8652    0.5931    0.5665    0.0264   0.02106  0.002339
   133/299     8.17G   0.02695   0.02367  0.001865   0.05249        32       640    0.8957    0.8198    0.8672    0.6019    0.5702   0.02638   0.02098  0.002291
   134/299     8.17G   0.02665   0.02367  0.001785   0.05211        59       640    0.8841    0.8204    0.8615    0.6054    0.5681   0.02645   0.02101    0.0023
   135/299     8.17G   0.02643   0.02347  0.001868   0.05177        34       640    0.8846    0.8329    0.8628    0.6003    0.5675   0.02631   0.02102   0.00228
   136/299     8.17G    0.0266   0.02363  0.001737   0.05197        65       640    0.8913    0.8077    0.8579    0.5921    0.5642   0.02631   0.02104  0.002402
   137/299     8.17G   0.02629   0.02333  0.001803   0.05142        28       640    0.9109     0.793    0.8597    0.6048    0.5705   0.02625   0.02099  0.002317
   138/299     8.17G   0.02648   0.02354  0.001916   0.05194        43       640    0.8722    0.8271    0.8641    0.5959    0.5681   0.02631   0.02096  0.002428
   139/299     8.17G   0.02624    0.0236  0.001671   0.05151        34       640    0.9054    0.8065     0.864    0.5987    0.5701   0.02625   0.02092  0.002358
   140/299     8.17G   0.02634   0.02343  0.001703   0.05148        47       640    0.8718    0.8338    0.8672    0.6051    0.5718   0.02628   0.02107  0.002352
   141/299     8.17G   0.02626   0.02349  0.001681   0.05143        37       640      0.88    0.8276     0.864     0.605    0.5681   0.02628   0.02106  0.002314
   142/299     8.17G   0.02612   0.02328  0.001712   0.05111        53       640    0.8771    0.8355     0.865    0.6027    0.5697   0.02623     0.021  0.002268
   143/299     8.17G   0.02607   0.02322  0.001678   0.05097        30       640    0.8901    0.8282    0.8626    0.6083    0.5704    0.0263   0.02097  0.002281
   144/299     8.17G    0.0263   0.02337  0.001776   0.05144        64       640    0.8887    0.8287    0.8604    0.5993    0.5678   0.02622   0.02098  0.002322
   145/299     8.17G   0.02589   0.02303  0.001762   0.05069        51       640    0.8898    0.8224    0.8606    0.5978    0.5647   0.02619   0.02098  0.002307
   146/299     8.17G   0.02556   0.02318  0.001728   0.05047       106       640    0.8985     0.816    0.8631    0.5998    0.5687   0.02613   0.02103  0.002328
   147/299     8.17G   0.02586   0.02315  0.001853   0.05086        34       640    0.8698    0.8403    0.8657    0.5943    0.5688   0.02613   0.02092  0.002367
   148/299     8.17G   0.02546   0.02239  0.001709   0.04955        21       640    0.8802    0.8314    0.8649    0.6008    0.5692   0.02623   0.02103  0.002313
   149/299     8.17G   0.02583   0.02336  0.001688   0.05088        29       640    0.8786    0.8339    0.8614    0.5966    0.5668   0.02627   0.02108   0.00227
   150/299     8.17G   0.02594     0.023  0.001752   0.05069        62       640    0.8799    0.8387    0.8653    0.5923      0.57   0.02617   0.02108  0.002248
   151/299     8.17G   0.02582   0.02333  0.001768   0.05091        49       640    0.8938    0.8289    0.8691    0.5963    0.5719   0.02611   0.02105  0.002255
   152/299     8.17G   0.02551   0.02273  0.001716   0.04996        17       640    0.8865    0.8313    0.8681    0.5958    0.5721   0.02607    0.0211  0.002316
   153/299     8.17G   0.02546   0.02293  0.001717   0.05011        26       640    0.8956    0.8247    0.8699    0.6009    0.5722   0.02598   0.02094  0.002365
   154/299     8.17G   0.02566   0.02259  0.001687   0.04994        42       640    0.8795     0.836    0.8646     0.596    0.5726   0.02601   0.02097  0.002344
   155/299     8.17G   0.02536   0.02255  0.001734   0.04964        53       640    0.8924    0.8257    0.8665    0.6047    0.5736   0.02608   0.02103  0.002347
   156/299     8.17G    0.0256   0.02278  0.001705   0.05008        21       640    0.8999    0.8091    0.8615    0.6095    0.5725   0.02607   0.02101  0.002339
   157/299     8.17G   0.02533   0.02252  0.001659    0.0495        23       640    0.8814    0.8263    0.8649    0.6151     0.572   0.02605   0.02098   0.00236
   158/299     8.17G   0.02534   0.02291  0.001605   0.04985        48       640    0.8816    0.8241    0.8659    0.6162    0.5711   0.02605   0.02108  0.002392
   159/299     8.17G   0.02545   0.02317  0.001615   0.05024        70       640    0.8669    0.8367    0.8667    0.6182    0.5736     0.026   0.02106  0.002429
   160/299     8.17G   0.02554   0.02274   0.00167   0.04995        64       640     0.868    0.8468    0.8713    0.6243    0.5783   0.02592   0.02107  0.002431
   161/299     8.17G   0.02496   0.02227  0.001633   0.04885        57       640    0.8818    0.8321    0.8711    0.6158    0.5795   0.02591   0.02109  0.002408
   162/299     8.17G   0.02484   0.02203  0.001535   0.04841        23       640    0.8737    0.8416    0.8725    0.6045    0.5783   0.02591   0.02112  0.002396
   163/299     8.17G     0.025    0.0225  0.001615   0.04912        49       640    0.8827    0.8299    0.8701    0.6067    0.5765   0.02593   0.02114  0.002369
   164/299     8.17G   0.02516   0.02251  0.001686   0.04936        50       640    0.8933    0.8193    0.8669    0.6124    0.5743   0.02597   0.02119  0.002379
   165/299     8.17G   0.02496    0.0223   0.00165   0.04891        33       640    0.8912    0.8254    0.8662    0.6016    0.5738   0.02592   0.02116  0.002474
   166/299     8.17G    0.0247   0.02232   0.00163   0.04865        32       640    0.8822    0.8295    0.8647    0.6079    0.5718   0.02597   0.02121  0.002447
   167/299     8.17G   0.02476   0.02231  0.001582   0.04865        18       640    0.8846    0.8296    0.8671     0.612    0.5729   0.02598   0.02121  0.002427
   168/299     8.17G   0.02495   0.02236  0.001602   0.04891        44       640    0.8782    0.8345    0.8672    0.6088    0.5726   0.02592   0.02117  0.002375
   169/299     8.17G   0.02464   0.02221  0.001582   0.04843         6       640    0.8651     0.849    0.8687    0.6059    0.5727   0.02591   0.02121  0.002315
   170/299     8.17G    0.0246   0.02246  0.001643   0.04871        51       640    0.8924    0.8283    0.8692      0.61    0.5746   0.02589   0.02123  0.002304
   171/299     8.17G   0.02501   0.02198  0.001627   0.04862        41       640    0.8939    0.8301    0.8657    0.6181    0.5767   0.02592   0.02126  0.002297
   172/299     8.17G   0.02479   0.02199  0.001668   0.04845        41       640    0.8915    0.8322    0.8656    0.6176    0.5764   0.02596    0.0213  0.002286
   173/299     8.17G    0.0247   0.02238  0.001644   0.04872        80       640    0.8887    0.8366    0.8659     0.616    0.5756   0.02596   0.02128  0.002279
   174/299     8.17G   0.02466     0.022  0.001541   0.04821        44       640    0.8822    0.8344    0.8634    0.6178    0.5745    0.0259   0.02126  0.002286
   175/299     8.17G   0.02462   0.02188  0.001525   0.04803        43       640    0.8808    0.8372    0.8653     0.622    0.5771   0.02588   0.02125  0.002301
   176/299     8.17G   0.02442   0.02258  0.001593   0.04859        48       640    0.8931    0.8271    0.8645    0.6189    0.5772   0.02589    0.0213  0.002331
   177/299     8.17G   0.02409   0.02199  0.001613   0.04769        20       640    0.8907    0.8301    0.8654    0.6195    0.5775   0.02589   0.02129  0.002399
   178/299     8.17G   0.02406   0.02183   0.00157   0.04746        57       640     0.898    0.8267    0.8714    0.6238    0.5781   0.02587    0.0213  0.002397
   179/299     8.17G   0.02422   0.02197  0.001624   0.04781        27       640    0.8843    0.8357    0.8676    0.6154    0.5785   0.02586   0.02131  0.002405
   180/299     8.17G   0.02426   0.02202  0.001566   0.04784        66       640    0.8762    0.8433     0.869    0.6114    0.5783   0.02586   0.02134  0.002424
   181/299     8.17G   0.02418   0.02151  0.001652   0.04735        36       640    0.8823    0.8406    0.8696    0.6141    0.5776   0.02586   0.02135  0.002402
   182/299     8.17G   0.02411   0.02165  0.001609   0.04737        37       640    0.8846    0.8412    0.8701    0.6136    0.5787   0.02583   0.02133  0.002358
   183/299     8.17G   0.02424   0.02168  0.001498   0.04742        41       640    0.8876    0.8416    0.8695     0.615    0.5779   0.02581   0.02133  0.002376
   184/299     8.17G   0.02416   0.02132  0.001543   0.04702        31       640    0.8888    0.8403    0.8695    0.6167     0.579   0.02584   0.02134  0.002349
   185/299     8.17G   0.02429   0.02139  0.001516    0.0472        36       640    0.8853     0.837    0.8671    0.6172    0.5822   0.02585   0.02132  0.002361
   186/299     8.17G   0.02417   0.02177  0.001543   0.04748        69       640    0.8744    0.8419    0.8667    0.6197    0.5812   0.02582   0.02128  0.002413
   187/299     8.17G   0.02384   0.02136  0.001524   0.04672        25       640    0.8879    0.8336    0.8672    0.6185    0.5824    0.0258   0.02127  0.002388
   188/299     8.17G   0.02387   0.02153   0.00152   0.04692        75       640    0.8917    0.8381    0.8695    0.6206    0.5829   0.02578   0.02124  0.002311
   189/299     8.17G   0.02416   0.02109  0.001514   0.04677        40       640    0.8935     0.836    0.8694    0.6225    0.5844   0.02574   0.02124   0.00229
   190/299     8.17G     0.024   0.02125  0.001475   0.04672        40       640    0.8861     0.843    0.8706    0.6189    0.5826   0.02575   0.02126  0.002308
   191/299     8.17G     0.024   0.02162  0.001478    0.0471        17       640    0.8901    0.8422    0.8704    0.6287    0.5833   0.02575   0.02128  0.002323
   192/299     8.17G   0.02396   0.02092   0.00149   0.04637        42       640    0.8844     0.845    0.8701    0.6181    0.5826   0.02577    0.0213  0.002353
   193/299     8.17G   0.02389   0.02155  0.001515   0.04696        44       640     0.887      0.84    0.8686    0.6187    0.5824   0.02576   0.02132  0.002361
   194/299     8.17G    0.0238    0.0213  0.001544   0.04664        81       640    0.8876    0.8443    0.8714    0.6257     0.585   0.02578   0.02134  0.002423
   195/299     8.17G   0.02373   0.02091  0.001478   0.04612        35       640    0.8919    0.8444    0.8751    0.6251    0.5848   0.02577   0.02137  0.002403
   196/299     8.17G   0.02359   0.02122  0.001482   0.04629        25       640    0.8938    0.8459     0.874    0.6255     0.585   0.02577    0.0214  0.002339
   197/299     8.17G   0.02368   0.02137  0.001393   0.04644        30       640     0.893    0.8468     0.874    0.6228    0.5837   0.02579   0.02141  0.002316
   198/299     8.17G   0.02337    0.0209   0.00143    0.0457        47       640    0.8918    0.8466    0.8732    0.6215    0.5831   0.02579   0.02144  0.002287
   199/299     8.17G   0.02317   0.02087  0.001438   0.04548        54       640    0.8863    0.8468    0.8731     0.623    0.5842   0.02581   0.02146  0.002275
   200/299     8.17G   0.02338    0.0206  0.001391   0.04538        25       640    0.8767    0.8522    0.8752    0.6209    0.5848   0.02583   0.02144  0.002287
   201/299     8.17G   0.02324   0.02043  0.001365   0.04503        35       640    0.8978    0.8332    0.8739    0.6246    0.5859   0.02582   0.02143  0.002332
   202/299     8.17G   0.02329   0.02117  0.001441    0.0459        16       640    0.8851     0.846    0.8742    0.6257    0.5856   0.02582   0.02141  0.002316
   203/299     8.17G   0.02304   0.02077  0.001386    0.0452        70       640    0.8939    0.8421    0.8746    0.6239    0.5869   0.02581   0.02141  0.002295
   204/299     8.17G   0.02318   0.02078  0.001392   0.04536        29       640    0.8914    0.8445    0.8748    0.6271    0.5875   0.02581   0.02143  0.002319
   205/299     8.17G    0.0235   0.02115   0.00148   0.04614        14       640    0.8917    0.8454    0.8742    0.6271    0.5881    0.0258   0.02145  0.002328
   206/299     8.17G   0.02301   0.02031  0.001406   0.04473        41       640    0.8886    0.8456    0.8725     0.625    0.5882   0.02579   0.02147   0.00235
   207/299     8.17G   0.02329   0.02121  0.001392   0.04589        82       640    0.8991     0.837    0.8737    0.6261    0.5895   0.02577   0.02148   0.00237
   208/299     8.17G    0.0228   0.02053  0.001386   0.04471        28       640     0.903    0.8377    0.8745    0.6244    0.5895   0.02577   0.02149  0.002361
   209/299     8.17G   0.02301   0.02062  0.001416   0.04505        25       640    0.8982    0.8442    0.8751    0.6255    0.5888   0.02575   0.02152  0.002349
   210/299     8.17G   0.02309   0.02069  0.001464   0.04524         9       640    0.8873    0.8482    0.8746    0.6205    0.5889   0.02574   0.02153  0.002397
   211/299     8.17G   0.02287   0.02055  0.001359   0.04478        14       640     0.884    0.8513    0.8745    0.6264    0.5896   0.02573   0.02154  0.002438
   212/299     8.17G   0.02292   0.02058  0.001397    0.0449        26       640    0.8873    0.8503    0.8751    0.6219    0.5883   0.02572   0.02155   0.00246
   213/299     8.17G   0.02265   0.02015  0.001359   0.04416        28       640     0.894    0.8395    0.8747    0.6251    0.5889   0.02571   0.02159  0.002501
   214/299     8.17G   0.02294   0.02022   0.00133   0.04449        44       640    0.8905    0.8461    0.8732    0.6212    0.5879   0.02571   0.02161  0.002518
   215/299     8.17G    0.0227   0.02057  0.001461   0.04473        48       640    0.8939    0.8412    0.8725    0.6235    0.5886   0.02569   0.02163  0.002513
   216/299     8.17G    0.0226    0.0202  0.001443   0.04424        17       640    0.8737    0.8587     0.875    0.6245    0.5883   0.02569   0.02164  0.002522
   217/299     8.17G   0.02268   0.02092  0.001369   0.04497        39       640    0.8755    0.8583    0.8731    0.6279     0.589   0.02569   0.02166  0.002524
   218/299     8.17G   0.02234   0.02032  0.001358   0.04403        33       640    0.9034     0.834    0.8731     0.626    0.5868   0.02568   0.02167  0.002504
   219/299     8.17G   0.02273   0.02049  0.001379    0.0446        59       640    0.8973     0.841    0.8729     0.626    0.5873   0.02568   0.02167  0.002478
   220/299     8.17G   0.02262   0.02056  0.001393   0.04457        70       640    0.8941    0.8411    0.8719    0.6277    0.5877   0.02568   0.02169  0.002433
   221/299     8.17G   0.02274   0.02024  0.001395   0.04438        43       640     0.905    0.8334    0.8731    0.6264    0.5886   0.02568   0.02168  0.002391
   222/299     8.17G    0.0225    0.0204  0.001367   0.04426        33       640    0.8986    0.8355     0.872    0.6268    0.5895   0.02567   0.02169  0.002384
   223/299     8.17G    0.0225   0.01998  0.001363   0.04384        32       640    0.8981    0.8367     0.872    0.6295    0.5899   0.02567    0.0217  0.002376
   224/299     8.17G   0.02238      0.02  0.001306   0.04369        36       640    0.8928    0.8444    0.8718    0.6259      0.59   0.02566   0.02171  0.002357
   225/299     8.17G   0.02211   0.01984  0.001326   0.04327        51       640    0.8971    0.8408    0.8717    0.6262    0.5916   0.02567   0.02174  0.002346
   226/299     8.17G   0.02252   0.02023  0.001337   0.04409        57       640    0.8954    0.8423    0.8728    0.6256    0.5916   0.02567   0.02177  0.002341
   227/299     8.17G   0.02201   0.01999    0.0013   0.04331        41       640    0.8981    0.8375    0.8716     0.629    0.5913   0.02568   0.02178  0.002306
   228/299     8.17G   0.02209   0.01966  0.001404   0.04316        25       640    0.9017    0.8368    0.8713    0.6342    0.5907   0.02569   0.02182  0.002301
   229/299     8.17G   0.02218   0.01993  0.001319   0.04342        31       640    0.8929     0.845    0.8716    0.6321    0.5902    0.0257   0.02184   0.00232
   230/299     8.17G   0.02203   0.02029  0.001342   0.04366        31       640     0.894    0.8441    0.8703    0.6324    0.5905    0.0257   0.02185   0.00234
   231/299     8.17G   0.02229   0.01981  0.001297    0.0434        26       640    0.9068     0.838    0.8713    0.6387    0.5912   0.02569   0.02185  0.002364
   232/299     8.17G   0.02218   0.01956  0.001366   0.04311        15       640     0.901    0.8458    0.8721    0.6385    0.5912   0.02568   0.02184  0.002368
   233/299     8.17G   0.02177    0.0198  0.001279   0.04285        44       640    0.8994    0.8419    0.8718    0.6385    0.5909   0.02568   0.02186  0.002382
   234/299     8.17G   0.02185   0.01952  0.001236   0.04261        43       640    0.9005      0.84    0.8726     0.635    0.5907   0.02568   0.02187  0.002401
   235/299     8.17G   0.02199   0.01952  0.001302   0.04282        27       640    0.9046    0.8375    0.8726    0.6324    0.5913   0.02568   0.02189  0.002424
   236/299     8.17G   0.02175   0.01968  0.001325   0.04275        38       640    0.9035    0.8391    0.8724    0.6333     0.591   0.02567    0.0219  0.002436
   237/299     8.17G   0.02199   0.01944  0.001301   0.04272        21       640    0.9032    0.8388    0.8722    0.6338    0.5908   0.02567   0.02192  0.002447
   238/299     8.17G   0.02187   0.01976  0.001286   0.04291        32       640    0.9009    0.8428    0.8733    0.6371    0.5907   0.02566   0.02191  0.002448
   239/299     8.17G    0.0218   0.01946  0.001244    0.0425        41       640    0.9015    0.8418    0.8731    0.6356    0.5903   0.02565   0.02193  0.002462
   240/299     8.17G   0.02186   0.01969  0.001291   0.04284        62       640    0.8984    0.8438    0.8726    0.6349    0.5901   0.02564   0.02193  0.002479
   241/299     8.17G   0.02191   0.01955  0.001289   0.04275        18       640    0.8984    0.8429     0.872    0.6354    0.5903   0.02563   0.02194  0.002471
   242/299     8.17G   0.02131   0.01932  0.001178    0.0418        53       640    0.9014    0.8384    0.8721    0.6347    0.5915   0.02562   0.02194  0.002477
   243/299     8.17G   0.02195   0.01994  0.001276   0.04317        55       640    0.8956    0.8391    0.8704     0.634    0.5908   0.02561   0.02194  0.002482
   244/299     8.17G   0.02163   0.01963  0.001268   0.04253        32       640    0.8981    0.8377    0.8718    0.6324    0.5908    0.0256   0.02195   0.00249
   245/299     8.17G    0.0214   0.01907  0.001228    0.0417        75       640    0.8981    0.8378    0.8712    0.6356    0.5911    0.0256   0.02198  0.002486
   246/299     8.17G   0.02182   0.01934  0.001237    0.0424        15       640       0.9    0.8401    0.8709    0.6334     0.591    0.0256   0.02198  0.002469
   247/299     8.17G   0.02159   0.01898  0.001263   0.04183        21       640    0.9016    0.8416    0.8724    0.6338    0.5907    0.0256   0.02199  0.002461
   248/299     8.17G   0.02168   0.01937  0.001341   0.04239        41       640    0.9043    0.8419    0.8728    0.6363    0.5906    0.0256     0.022  0.002459
   249/299     8.17G   0.02184   0.02003  0.001265   0.04314        33       640     0.904    0.8415     0.871    0.6348    0.5908   0.02559   0.02201  0.002447
   250/299     8.17G   0.02175   0.01969  0.001271   0.04271        73       640    0.9042     0.842    0.8731    0.6306    0.5908   0.02559   0.02202  0.002432
   251/299     8.17G   0.02151   0.01902   0.00124   0.04177        51       640    0.9026    0.8402    0.8718    0.6286    0.5911   0.02559   0.02204  0.002436
   252/299     8.17G   0.02138    0.0191  0.001214    0.0417        35       640    0.9003    0.8412    0.8718      0.63     0.592   0.02558   0.02205  0.002442
   253/299     8.17G   0.02137   0.01892   0.00125   0.04155        45       640    0.9013    0.8386    0.8708    0.6297    0.5912   0.02558   0.02206  0.002448
   254/299     8.17G   0.02153   0.01922  0.001264   0.04201        66       640    0.8984     0.839    0.8701    0.6318    0.5912   0.02557   0.02206  0.002445
   255/299     8.17G     0.021   0.01904  0.001174   0.04122        41       640    0.8889     0.848    0.8702     0.632    0.5912   0.02557   0.02207  0.002442
   256/299     8.17G   0.02146   0.01917  0.001227   0.04186        32       640    0.8887    0.8465    0.8703    0.6298    0.5913   0.02558    0.0221  0.002444
   257/299     8.17G   0.02137   0.01883  0.001273   0.04148       124       640    0.8887    0.8468    0.8697    0.6298    0.5906   0.02558    0.0221  0.002455
   258/299     8.17G   0.02141   0.01944  0.001226   0.04207        38       640    0.8861    0.8518    0.8714    0.6284    0.5911   0.02558   0.02212  0.002454
   259/299     8.17G   0.02121   0.01925  0.001192   0.04164        52       640    0.8872    0.8502    0.8712    0.6274    0.5905   0.02558   0.02213  0.002452
   260/299     8.17G   0.02122    0.0191  0.001208   0.04153        29       640    0.8861    0.8524    0.8709    0.6294    0.5904   0.02558   0.02214  0.002452
   261/299     8.17G   0.02122   0.01918  0.001267   0.04167        42       640    0.8883    0.8513    0.8704    0.6324    0.5908   0.02558   0.02216  0.002452
   262/299     8.17G   0.02079   0.01864   0.00115   0.04058        47       640    0.8897    0.8516    0.8708    0.6326    0.5901   0.02558   0.02216  0.002456
   263/299     8.17G   0.02151   0.01914  0.001285   0.04194        41       640    0.8889    0.8509    0.8701    0.6322      0.59   0.02558   0.02217   0.00246
   264/299     8.17G   0.02095   0.01894  0.001271   0.04116        16       640    0.8885    0.8517    0.8702    0.6315    0.5904   0.02558   0.02218  0.002462
   265/299     8.17G   0.02087   0.01912  0.001218   0.04121        60       640     0.888     0.852    0.8705    0.6335    0.5907   0.02558   0.02219  0.002464
   266/299     8.17G   0.02078   0.01891  0.001213   0.04091        15       640    0.8877    0.8505    0.8709    0.6308    0.5899   0.02558    0.0222  0.002458
   267/299     8.17G    0.0214   0.01967  0.001193   0.04226        21       640    0.8895    0.8512    0.8712    0.6322    0.5906   0.02558    0.0222  0.002452
   268/299     8.17G   0.02128   0.01909  0.001197   0.04157        44       640    0.8901    0.8516    0.8715    0.6339    0.5902   0.02558   0.02221  0.002446
   269/299     8.17G   0.02116   0.01906  0.001207   0.04142        27       640    0.8897    0.8525    0.8719    0.6337    0.5903   0.02559   0.02223   0.00244
   270/299     8.17G   0.02109   0.01863  0.001253   0.04097        47       640    0.8887    0.8521     0.872    0.6326    0.5908   0.02559   0.02223  0.002436
   271/299     8.17G   0.02081   0.01877   0.00123   0.04081        19       640    0.8893    0.8552    0.8734    0.6331    0.5907   0.02559   0.02224  0.002426
   272/299     8.17G   0.02078   0.01889  0.001206   0.04088        47       640    0.9017    0.8434    0.8736     0.632    0.5911   0.02559   0.02224  0.002421
   273/299     8.17G   0.02078   0.01872  0.001237   0.04073        44       640    0.8915    0.8521    0.8734    0.6307    0.5911   0.02559   0.02225  0.002423
   274/299     8.17G   0.02093   0.01859  0.001274   0.04079        25       640    0.9021    0.8436    0.8741    0.6316    0.5911   0.02559   0.02226  0.002423
   275/299     8.17G   0.02074   0.01848  0.001184   0.04041        28       640     0.892    0.8547    0.8734    0.6313    0.5907   0.02559   0.02228  0.002423
   276/299     8.17G   0.02103   0.01872  0.001192   0.04094        33       640    0.8902    0.8546    0.8725    0.6291    0.5908   0.02558   0.02228  0.002424
   277/299     8.17G   0.02071   0.01869  0.001262   0.04066        35       640    0.8984    0.8487    0.8738    0.6308    0.5911   0.02558   0.02229  0.002421
   278/299     8.17G   0.02085   0.01867  0.001174   0.04069        40       640    0.8986     0.849    0.8731    0.6314    0.5912   0.02558    0.0223  0.002418
   279/299     8.17G   0.02087   0.01876  0.001218   0.04085        75       640    0.8963    0.8465    0.8715      0.63    0.5903   0.02558   0.02231  0.002419
   280/299     8.17G   0.02072   0.01856  0.001177   0.04046        55       640    0.8965    0.8465    0.8715    0.6302     0.591   0.02559   0.02231  0.002416
   281/299     8.17G   0.02094   0.01854  0.001197   0.04068        92       640    0.8974    0.8474    0.8715    0.6315    0.5905   0.02558   0.02233  0.002418
   282/299     8.17G   0.02066   0.01852  0.001237   0.04043        29       640    0.8982     0.847    0.8718    0.6306    0.5899   0.02558   0.02233  0.002422
   283/299     8.17G   0.02071    0.0185  0.001208   0.04042        19       640    0.8969    0.8469    0.8718    0.6301    0.5904   0.02558   0.02234  0.002442
   284/299     8.17G   0.02069   0.01846  0.001264   0.04041        53       640    0.8974    0.8474    0.8722    0.6297    0.5895   0.02558   0.02234  0.002445
   285/299     8.17G   0.02058   0.01812  0.001096    0.0398        47       640    0.8988     0.847    0.8715    0.6299    0.5898   0.02558   0.02235  0.002445
   286/299     8.17G   0.02072   0.01861   0.00115   0.04048        39       640     0.898    0.8471    0.8717    0.6312    0.5897   0.02557   0.02236  0.002443
   287/299     8.17G   0.02053   0.01843   0.00121   0.04017        42       640    0.8978    0.8468    0.8721    0.6303    0.5898   0.02557   0.02238  0.002446
   288/299     8.17G   0.02075   0.01869  0.001196   0.04064        58       640    0.8984    0.8463    0.8719    0.6301      0.59   0.02557   0.02238  0.002438
   289/299     8.17G   0.02065   0.01834   0.00121    0.0402        59       640    0.8981    0.8464    0.8718    0.6291      0.59   0.02557   0.02239  0.002448
   290/299     8.17G   0.02077   0.01862  0.001214    0.0406        98       640    0.8977    0.8465    0.8731    0.6304    0.5901   0.02557    0.0224  0.002452
   291/299     8.17G   0.02064   0.01828  0.001206   0.04013        18       640    0.8983     0.849    0.8737    0.6307    0.5898   0.02557   0.02242  0.002448
   292/299     8.17G    0.0206   0.01845  0.001211   0.04026        37       640    0.8981     0.849    0.8736    0.6291    0.5892   0.02557   0.02243  0.002449
   293/299     8.17G   0.02042   0.01851  0.001146   0.04008        52       640    0.8981    0.8489    0.8736    0.6305    0.5891   0.02557   0.02244  0.002447
   294/299     8.17G   0.02081   0.01846  0.001147   0.04041        51       640    0.8979    0.8491    0.8736    0.6314    0.5898   0.02557   0.02245  0.002443
   295/299     8.17G   0.02056   0.01847  0.001127   0.04015        45       640    0.8976    0.8488    0.8736    0.6327      0.59   0.02557   0.02246   0.00244
   296/299     8.17G    0.0208   0.01866    0.0012   0.04066        58       640    0.8971     0.849    0.8735    0.6325      0.59   0.02557   0.02246  0.002437
   297/299     8.17G    0.0207   0.01851  0.001229   0.04043        38       640    0.8969     0.849    0.8737    0.6314    0.5901   0.02557   0.02247  0.002432
   298/299     8.17G   0.02058   0.01831  0.001164   0.04006        53       640    0.8973    0.8492    0.8738    0.6318      0.59   0.02557   0.02248  0.002426
   299/299     8.17G   0.02026   0.01823   0.00119   0.03967        35       640    0.8949    0.8495    0.8731    0.6325    0.5901   0.02557   0.02249  0.002421
