     0/299     17.9G   0.09938   0.05978   0.03467    0.1938       173       640    0.7482   0.08094   0.04416 0.0004308  0.008383   0.08708   0.03841    0.0199
     1/299       18G   0.08138   0.04698   0.01608    0.1444       250       640    0.3754     0.335     0.182  0.005456   0.04391   0.07212   0.03196   0.01339
     2/299       18G   0.07134   0.04306   0.01302    0.1274       167       640    0.4988    0.3345    0.2654   0.02231   0.07742   0.06553   0.03008   0.01055
     3/299       18G   0.06581   0.04093    0.0108    0.1175       106       640    0.5404     0.351    0.3012    0.0173   0.08265   0.06912   0.02956  0.008915
     4/299       18G   0.06352   0.04006  0.009423     0.113       181       640    0.4459    0.4874    0.3827   0.06739    0.1397   0.05525   0.02797  0.008368
     5/299       18G   0.05614   0.03881  0.008408    0.1034       138       640    0.7583    0.4828    0.5443    0.2164    0.2501   0.04902   0.02669    0.0071
     6/299       18G    0.0506   0.03718  0.007572   0.09535       164       640    0.6688    0.5217    0.5395    0.2159    0.2583   0.04438   0.02586   0.00602
     7/299       18G    0.0481   0.03602  0.006567   0.09069       158       640    0.7239    0.6114    0.6439    0.3399    0.3397   0.04284    0.0249  0.005494
     8/299       18G   0.04669   0.03579  0.006204   0.08868       144       640    0.7261    0.5697    0.5978    0.2929    0.3134    0.0414   0.02521  0.005245
     9/299       18G   0.04508   0.03478  0.005718   0.08559       129       640    0.8225    0.5943    0.6772    0.3658    0.3696   0.04039   0.02467  0.005115
    10/299       18G   0.04421   0.03426  0.005488   0.08395       180       640    0.7448    0.6063    0.6776     0.374    0.3698   0.03977   0.02407  0.004624
    11/299       18G   0.04289   0.03322  0.004953   0.08106       170       640    0.8492    0.6357    0.7218    0.4218    0.4053   0.03824   0.02381  0.004385
    12/299       18G   0.04206   0.03336  0.004898   0.08031       164       640    0.8003    0.6548    0.7221    0.3725    0.3888   0.03661   0.02361  0.004239
    13/299       18G   0.04088   0.03275  0.004454   0.07808       153       640    0.8158    0.6603    0.7335    0.4349    0.4243   0.03673   0.02331  0.003977
    14/299       18G   0.04008   0.03299  0.004439    0.0775       194       640    0.7193    0.6769    0.6933    0.3949    0.3879   0.03935   0.02355  0.003922
    15/299       18G    0.0401   0.03244  0.004353    0.0769       109       640    0.7812    0.7189    0.7555    0.4484    0.4389   0.03514    0.0233  0.003736
    16/299       18G   0.03925   0.03121  0.004119   0.07458       161       640    0.7624    0.6958    0.7303    0.3967    0.4045   0.03719   0.02308  0.003681
    17/299       18G   0.03867   0.03118  0.004055    0.0739       274       640    0.8352     0.689     0.759    0.4436    0.4371   0.03593   0.02289  0.003705
    18/299       18G   0.03883   0.03108  0.003781   0.07369       176       640       0.8    0.6909     0.727    0.4019    0.4003    0.0354   0.02278   0.00369
    19/299       18G    0.0381    0.0314  0.003901   0.07341       162       640      0.81    0.7235    0.7731    0.4768    0.4572   0.03369   0.02244  0.003561
    20/299       18G   0.03715   0.03137  0.003662   0.07218       223       640    0.7957    0.7203     0.743    0.4363    0.4338   0.03527   0.02254  0.003486
    21/299       18G   0.03757   0.03059  0.003762   0.07193       172       640    0.8729    0.7126    0.7835    0.4534    0.4595   0.03395   0.02245  0.003472
    22/299       18G   0.03745   0.03017  0.003682    0.0713       166       640      0.77    0.7383    0.7582    0.4313    0.4276    0.0357   0.02279  0.004397
    23/299       18G   0.03756   0.03148  0.003926   0.07297       215       640     0.854    0.6834    0.7608    0.4638     0.451   0.03437   0.02319  0.003687
    24/299       18G   0.03704   0.03057  0.003494   0.07111       112       640    0.8116     0.719    0.7608    0.4556    0.4444   0.03573   0.02255  0.003561
    25/299       18G   0.03665   0.03014  0.003505   0.07029       156       640    0.8374    0.7255    0.7825    0.4863    0.4671   0.03319   0.02247  0.003704
    26/299       18G   0.03544   0.02984  0.003379   0.06866       159       640    0.8306    0.7388    0.7928    0.4963    0.4776   0.03334   0.02225  0.003566
    27/299       18G   0.03558   0.02919  0.003144   0.06792       188       640    0.8557    0.7195    0.7919    0.4827    0.4718   0.03312   0.02211  0.003432
    28/299       18G   0.03522   0.02916  0.003248   0.06762       149       640    0.8389    0.7549    0.7966    0.4848    0.4688   0.03294   0.02217  0.003334
    29/299       18G   0.03544   0.02952  0.003334   0.06829       121       640     0.904    0.7271    0.8062    0.5121    0.4956   0.03185   0.02198  0.003479
    30/299       18G   0.03543   0.02954  0.003154   0.06812       131       640      0.88    0.7171    0.7866    0.4792    0.4716   0.03357    0.0222  0.003263
    31/299       18G   0.03444   0.02962  0.003099   0.06715       154       640    0.8338    0.7359    0.7928    0.4945    0.4796   0.03269   0.02245  0.003263
    32/299       18G   0.03479   0.02921  0.003112   0.06711        86       640    0.8938     0.743    0.8109    0.5106    0.4857   0.03488   0.02207  0.003243
    33/299       18G   0.03451   0.02875  0.003122   0.06638       253       640    0.8641      0.77    0.8245    0.5113     0.501   0.03198   0.02187  0.003034
    34/299       18G   0.03361   0.02822  0.002992   0.06482       132       640    0.7938    0.7549     0.767    0.4478    0.4415   0.03381   0.02186  0.003036
    35/299       18G   0.03485   0.02916  0.003031   0.06704       236       640    0.9043    0.7363    0.8167     0.516    0.5006   0.03262   0.02158  0.002964
    36/299       18G   0.03464   0.02838  0.002988   0.06601       155       640    0.8362    0.7714    0.8096    0.5238    0.5027   0.03215   0.02174  0.003182
    37/299       18G   0.03358   0.02868  0.002886   0.06515       143       640    0.8836     0.758    0.8197    0.5188    0.4955   0.03146   0.02171  0.003173
    38/299       18G    0.0334   0.02857  0.002891   0.06486       141       640    0.8789    0.7447    0.8092    0.5165    0.4999   0.03178    0.0217  0.003168
    39/299       18G   0.03327   0.02777  0.002806   0.06384       116       640    0.8767    0.7721    0.8282    0.5245    0.5094   0.03135   0.02154  0.003177
    40/299       18G   0.03407   0.02779  0.002765   0.06463       141       640    0.8775    0.7724    0.8233    0.5216    0.5015   0.03234   0.02162  0.003118
    41/299       18G   0.03294   0.02746  0.002711   0.06311       229       640    0.8852    0.7537    0.8222     0.537    0.5117   0.03111    0.0218  0.002992
    42/299       18G   0.03302   0.02783  0.002808   0.06366       222       640    0.8696    0.7619    0.8293    0.5217    0.5006   0.03194   0.02171  0.002832
    43/299       18G   0.03322   0.02797  0.002779   0.06396       125       640    0.8799    0.7726    0.8287    0.5291    0.5093   0.03142   0.02164  0.003083
    44/299       18G   0.03268   0.02726  0.002771   0.06271       202       640    0.8499    0.7725    0.8173    0.5189     0.503   0.03126   0.02153  0.003381
    45/299       18G   0.03271    0.0276  0.002593    0.0629       154       640      0.85    0.7907    0.8254    0.5218    0.5096    0.0311   0.02163  0.003289
    46/299       18G   0.03273   0.02757  0.002833   0.06313       202       640     0.876    0.7826    0.8368    0.5347    0.5148   0.03065   0.02137  0.003273
    47/299       18G   0.03246   0.02774  0.002702    0.0629       148       640    0.8782    0.7562    0.8252    0.5506     0.516   0.03084   0.02172  0.003428
    48/299       18G   0.03232   0.02764  0.002616   0.06257       173       640    0.8709    0.7704    0.8292    0.5279      0.51    0.0307   0.02148  0.003121
    49/299       18G   0.03195   0.02733  0.002589   0.06187       168       640    0.8617    0.7855    0.8305    0.5249    0.5135   0.03065   0.02161  0.003215
    50/299       18G   0.03205    0.0274  0.002664   0.06212       169       640     0.815    0.7869     0.799    0.5015     0.491   0.03045   0.02137  0.003363
    51/299       18G   0.03183   0.02707  0.002499    0.0614       144       640    0.8624    0.7896    0.8339    0.5391    0.5192   0.03027   0.02132  0.003334
    52/299       18G   0.03206   0.02669  0.002625   0.06137       125       640    0.8832    0.7841    0.8358    0.5522    0.5216   0.03065   0.02151  0.003494
    53/299       18G   0.03182   0.02687  0.002654   0.06134       221       640    0.8924    0.7721    0.8422    0.5545    0.5308   0.03006   0.02122  0.003272
    54/299       18G   0.03158   0.02652  0.002452   0.06055       159       640    0.8499    0.7804    0.8302    0.5398    0.5188   0.03079    0.0215  0.003548
    55/299       18G   0.03155   0.02687  0.002526   0.06095       135       640     0.878    0.7739    0.8349    0.5407    0.5204   0.02998   0.02122  0.003492
    56/299       18G   0.03134   0.02702  0.002448    0.0608       163       640    0.8738    0.7932    0.8337    0.5525    0.5202    0.0302   0.02126  0.003491
    57/299       18G   0.03136   0.02671  0.002472   0.06054       132       640      0.86    0.7948    0.8411    0.5623    0.5319   0.02995   0.02136   0.00347
    58/299       18G   0.03111   0.02673  0.002385   0.06023       131       640    0.8704    0.7958    0.8441     0.543    0.5269   0.03012   0.02137  0.002839
    59/299       18G   0.03152   0.02687  0.002481   0.06087       168       640    0.8775    0.7886      0.84    0.5588    0.5285   0.02984   0.02131  0.003007
    60/299       18G   0.03084   0.02653  0.002375   0.05975       148       640    0.8683    0.8044    0.8467     0.547    0.5273    0.0306   0.02134  0.002833
    61/299       18G   0.03069   0.02686  0.002407   0.05996       161       640    0.8833    0.7694    0.8394    0.5499    0.5293   0.02978   0.02132  0.003188
    62/299       18G   0.03072   0.02603  0.002389   0.05914       165       640    0.8667    0.7915    0.8426    0.5627    0.5289   0.03035   0.02143  0.002866
    63/299       18G   0.03102   0.02667  0.002391   0.06009       181       640    0.8867    0.7825    0.8431     0.543    0.5256   0.02998   0.02127   0.00284
    64/299       18G   0.03059   0.02628  0.002325    0.0592       196       640    0.8795    0.7943    0.8481    0.5631    0.5423   0.02964   0.02116  0.003014
    65/299       18G   0.03072    0.0268  0.002462   0.05998       179       640    0.8802    0.7989    0.8543    0.5702    0.5454   0.02954   0.02103  0.002649
    66/299       18G   0.03031   0.02623   0.00243   0.05896       192       640    0.8678    0.8087    0.8476    0.5562    0.5388   0.02965     0.021  0.002843
    67/299       18G   0.02998   0.02594  0.002278    0.0582       217       640    0.8914    0.7926    0.8475    0.5628    0.5395   0.02963   0.02114  0.003028
    68/299       18G   0.03045   0.02588  0.002295   0.05863       168       640    0.8829    0.7889    0.8482    0.5666    0.5355    0.0299   0.02153  0.002779
    69/299       18G   0.03042   0.02614  0.002381   0.05894       172       640     0.889    0.7939    0.8457    0.5647    0.5399   0.02942   0.02125  0.002734
    70/299       18G   0.03015   0.02595  0.002349   0.05845       139       640     0.859    0.8106    0.8436    0.5584    0.5335   0.02962   0.02107  0.002967
    71/299       18G   0.03027   0.02605  0.002271   0.05858       176       640    0.8776     0.805    0.8502    0.5696    0.5429   0.02952   0.02107  0.003346
    72/299       18G   0.03009   0.02567  0.002075   0.05783       154       640    0.8927    0.8031    0.8565    0.5713    0.5448   0.02953   0.02113  0.003282
    73/299       18G   0.03034   0.02524  0.002213   0.05779       131       640    0.8918     0.808    0.8549    0.5742    0.5477   0.02954   0.02118  0.003038
    74/299       18G   0.03015   0.02601  0.002314   0.05847       120       640    0.8981    0.7905    0.8569    0.5722    0.5419   0.02961   0.02103  0.003088
    75/299       18G   0.03013    0.0254  0.002237   0.05777       136       640    0.8799    0.8168    0.8535    0.5597     0.538   0.02942   0.02113  0.003176
    76/299       18G    0.0299   0.02541  0.002301   0.05761       138       640    0.8862    0.8017    0.8516    0.5746    0.5455   0.02947   0.02104  0.003367
    77/299       18G   0.03005   0.02594   0.00234   0.05832       161       640    0.8778    0.8139     0.852    0.5808    0.5457   0.02913   0.02096  0.003215
    78/299       18G   0.02967   0.02564  0.002187    0.0575       163       640    0.9007    0.8142    0.8519    0.5654     0.542   0.02912   0.02099  0.003353
    79/299       18G   0.02951   0.02509  0.002186   0.05679       152       640     0.887    0.8041    0.8455    0.5686    0.5417   0.02905   0.02101    0.0035
    80/299       18G   0.02962   0.02554  0.002211   0.05738       142       640    0.8631    0.8203    0.8522    0.5768    0.5489   0.02927   0.02125  0.003467
    81/299       18G   0.02927   0.02549  0.002232   0.05699       141       640    0.8872    0.7871    0.8469    0.5672    0.5429   0.02909   0.02123  0.003446
    82/299       18G   0.02931   0.02553  0.002109   0.05696       144       640    0.8806    0.8087    0.8511    0.5824    0.5495   0.02923   0.02097   0.00303
    83/299       18G   0.02953   0.02511  0.002265    0.0569       200       640    0.8845    0.8151    0.8551    0.5731     0.547   0.02926   0.02095  0.003245
    84/299       18G    0.0293    0.0254  0.002242   0.05694       149       640    0.8916    0.8045    0.8563    0.5787    0.5515   0.02895   0.02098  0.003077
    85/299       18G   0.02859   0.02517  0.002169   0.05592        96       640    0.9017    0.8047    0.8519    0.5728    0.5484    0.0288   0.02089  0.003065
    86/299       18G   0.02919   0.02538   0.00213    0.0567       200       640    0.8848    0.8146    0.8529    0.5788    0.5511   0.02897   0.02098  0.003117
    87/299       18G   0.02895   0.02482  0.002131    0.0559       184       640    0.8913    0.8108    0.8545    0.5846    0.5468   0.02895   0.02088  0.003236
    88/299       18G   0.02882    0.0248   0.00209   0.05571       203       640    0.8926    0.8072    0.8575    0.5753    0.5482   0.02921   0.02093  0.003191
    89/299       18G   0.02872   0.02515   0.00214   0.05601       147       640    0.9086    0.8045    0.8563     0.584    0.5517   0.02884   0.02098  0.003432
    90/299       18G   0.02875   0.02477  0.002061   0.05558       111       640    0.8888    0.8138    0.8574    0.5783    0.5539   0.02869   0.02098  0.003372
    91/299       18G   0.02858   0.02422  0.002078   0.05488       225       640    0.9002    0.8229    0.8631    0.5807    0.5551   0.02859   0.02085  0.003353
    92/299       18G   0.02864   0.02453  0.002003   0.05517       152       640    0.8901     0.828    0.8648    0.5861    0.5554   0.02875   0.02085  0.003383
    93/299       18G    0.0287   0.02495  0.001978   0.05562       188       640    0.8928    0.8201    0.8632    0.5856    0.5543   0.02865   0.02084  0.003273
    94/299       18G   0.02834    0.0246  0.001988   0.05492       223       640    0.8931    0.8125    0.8592    0.5895    0.5535   0.02854   0.02097   0.00325
    95/299       18G   0.02831   0.02478  0.002073   0.05517       173       640     0.904    0.7982    0.8607    0.5963    0.5584    0.0286    0.0209  0.003432
    96/299       18G    0.0284   0.02424  0.002064   0.05471       152       640    0.8932    0.8171    0.8637    0.5976    0.5605   0.02851   0.02093  0.002717
    97/299       18G   0.02821   0.02428  0.002035   0.05452       163       640    0.8747    0.8298    0.8602    0.5903    0.5575   0.02864   0.02091  0.002654
    98/299       18G   0.02813   0.02434   0.00206   0.05453       186       640    0.8791    0.8184    0.8608    0.5894    0.5544   0.02863   0.02103  0.002767
    99/299       18G   0.02856   0.02429  0.002088   0.05493       180       640    0.8957    0.7962    0.8581    0.5841    0.5505   0.02857   0.02102  0.003003
   100/299       18G   0.02851   0.02448  0.002041   0.05503       132       640     0.891    0.8195    0.8618    0.5936    0.5573   0.02853   0.02105  0.002681
   101/299       18G    0.0283   0.02465  0.002118   0.05506       154       640    0.8865    0.8293    0.8625    0.5901    0.5552   0.02844   0.02099  0.003044
   102/299       18G   0.02805   0.02426  0.002104   0.05442       116       640    0.9027    0.8044    0.8627    0.5989    0.5641   0.02849   0.02093  0.003153
   103/299       18G   0.02814   0.02398  0.001983    0.0541       198       640    0.8941    0.8253     0.872    0.6037    0.5637   0.02846   0.02089  0.003142
   104/299       18G   0.02783   0.02435  0.002062   0.05424       142       640    0.8867     0.833    0.8678    0.6021    0.5636   0.02841   0.02099  0.003318
   105/299       18G   0.02755   0.02391  0.001953   0.05341       163       640    0.9027    0.8035    0.8691    0.6068     0.562   0.02833   0.02103   0.00299
   106/299       18G   0.02796   0.02485     0.002   0.05481       206       640     0.879    0.8244     0.865    0.6075    0.5632   0.02838   0.02103  0.003156
   107/299       18G    0.0273   0.02377  0.001887   0.05296       166       640    0.9087    0.8105    0.8645    0.6016     0.563   0.02838   0.02095  0.003046
   108/299       18G   0.02764   0.02434  0.001875   0.05385       213       640    0.9091    0.8053    0.8668    0.6079    0.5649   0.02844   0.02101  0.002761
   109/299       18G   0.02809   0.02371   0.00205   0.05385       152       640    0.8998    0.8056    0.8632    0.6054    0.5632    0.0283   0.02108  0.002569
   110/299       18G   0.02775    0.0243  0.001939   0.05399       123       640    0.8859    0.8254    0.8632    0.5897    0.5605   0.02825   0.02093  0.002954
   111/299       18G   0.02735   0.02376  0.001857   0.05297       146       640    0.9003    0.8193    0.8694    0.5946    0.5631   0.02828   0.02096  0.002667
   112/299       18G   0.02752   0.02395   0.00184   0.05331       126       640     0.904    0.8138    0.8707    0.5909     0.563   0.02826   0.02094  0.002634
   113/299       18G   0.02752    0.0244   0.00188    0.0538       252       640    0.8977    0.8324     0.869    0.6017    0.5681   0.02821   0.02093  0.002673
   114/299       18G   0.02723    0.0234  0.001922   0.05255       275       640    0.8933     0.833    0.8672    0.6036    0.5683   0.02822   0.02106  0.002682
   115/299       18G   0.02739   0.02382   0.00193   0.05314       176       640    0.9106    0.8272    0.8711    0.6046     0.572   0.02809   0.02085  0.002565
   116/299       18G    0.0271   0.02345  0.001922   0.05247       166       640    0.9008    0.8138    0.8669    0.6042     0.571   0.02814   0.02098    0.0025
   117/299       18G   0.02713   0.02364  0.001873   0.05264       208       640    0.9078    0.8305    0.8744     0.595    0.5682   0.02819    0.0209  0.002483
   118/299       18G   0.02695   0.02367  0.001766   0.05238        90       640    0.8845    0.8334    0.8644     0.601    0.5633    0.0282   0.02083   0.00252
   119/299       18G   0.02696   0.02346  0.001976   0.05239       163       640    0.9037    0.8178    0.8649    0.6101    0.5685   0.02818   0.02087  0.002438
   120/299       18G   0.02652   0.02306  0.001779   0.05137       137       640    0.9021    0.8157     0.863    0.6062    0.5675   0.02821   0.02086  0.002466
   121/299       18G   0.02746   0.02408  0.001933   0.05348       138       640    0.9081    0.8143    0.8665    0.6081    0.5724   0.02812   0.02083  0.002551
   122/299       18G   0.02691   0.02328   0.00197   0.05216       131       640     0.905     0.816    0.8679    0.6095    0.5728   0.02816   0.02101  0.002699
   123/299       18G   0.02713   0.02352  0.001777   0.05243       129       640     0.898     0.819    0.8627    0.6103    0.5683   0.02814   0.02099  0.002935
   124/299       18G   0.02677   0.02346  0.001881   0.05212       171       640     0.897    0.8229    0.8692    0.6078    0.5679   0.02811   0.02088  0.003001
   125/299       18G   0.02693   0.02341  0.001921   0.05226       163       640    0.8959    0.8234    0.8633    0.6064    0.5737   0.02804   0.02082  0.002813
   126/299       18G    0.0271   0.02358  0.001846   0.05252       200       640     0.892    0.8269    0.8639    0.6083     0.573   0.02796   0.02077  0.002607
   127/299       18G    0.0266   0.02311  0.001801   0.05151       196       640    0.9045    0.8101     0.868    0.6027    0.5726   0.02795   0.02082  0.002809
   128/299       18G   0.02675   0.02304  0.001825   0.05162       240       640     0.897    0.8175    0.8656     0.606    0.5725     0.028   0.02096  0.003031
   129/299       18G   0.02654   0.02307  0.001831   0.05144       159       640    0.8893    0.8212    0.8632    0.6085    0.5725   0.02798   0.02093  0.002763
   130/299       18G   0.02686   0.02331  0.001792   0.05196       202       640    0.8923    0.8318    0.8681    0.6133    0.5741   0.02802   0.02095  0.002955
   131/299       18G   0.02655   0.02309  0.001721   0.05136       108       640    0.9053    0.8277     0.867    0.6111    0.5745   0.02794   0.02098  0.002821
   132/299       18G   0.02638   0.02328  0.001789   0.05146       135       640    0.8871    0.8322    0.8685    0.6142    0.5745   0.02784   0.02085  0.002804
   133/299       18G   0.02639   0.02257  0.001758   0.05072       190       640    0.8992     0.824    0.8667    0.6085    0.5747   0.02783   0.02093  0.002664
   134/299       18G    0.0265   0.02302  0.001774    0.0513       156       640    0.9036    0.8215    0.8664    0.6165    0.5766   0.02781   0.02089  0.002675
   135/299       18G   0.02607   0.02277  0.001741   0.05058       115       640    0.9085    0.8177    0.8671    0.6184    0.5758   0.02772   0.02083   0.00316
   136/299       18G   0.02587   0.02251  0.001736   0.05012       132       640    0.9055    0.8184    0.8701    0.6062    0.5775   0.02775    0.0208  0.003501
   137/299       18G   0.02612    0.0228  0.001765   0.05068        80       640    0.9032    0.8321    0.8711    0.6061    0.5731   0.02779   0.02083  0.003497
   138/299       18G   0.02625   0.02295  0.001681   0.05088       180       640    0.8921    0.8359    0.8715    0.5997    0.5714   0.02784   0.02094  0.003511
   139/299       18G   0.02601    0.0226  0.001775   0.05039       155       640    0.8904    0.8361    0.8698    0.6058    0.5722    0.0278   0.02097  0.003506
   140/299       18G   0.02607   0.02252  0.001841   0.05043       151       640    0.8898    0.8339    0.8709    0.5999    0.5732   0.02773   0.02093  0.003305
   141/299       18G   0.02596    0.0229  0.001777   0.05064       137       640    0.8873    0.8278    0.8665    0.5964    0.5706    0.0277   0.02101  0.003091
   142/299       18G   0.02564   0.02284  0.001662   0.05015       161       640    0.8964    0.8246     0.869    0.6048    0.5733   0.02773   0.02095  0.003206
   143/299       18G   0.02575   0.02221  0.001667   0.04963       188       640    0.8944    0.8358    0.8739    0.6047     0.575   0.02776   0.02089  0.003224
   144/299       18G   0.02571   0.02258  0.001698   0.04999       122       640    0.8954    0.8312    0.8733    0.5984    0.5742   0.02775    0.0209  0.003121
   145/299       18G   0.02593   0.02251  0.001693   0.05013       191       640    0.8967    0.8315    0.8735    0.6082    0.5786   0.02765     0.021    0.0032
   146/299       18G   0.02566   0.02221  0.001702   0.04957       244       640    0.8955    0.8273    0.8681    0.6154    0.5802   0.02763   0.02098  0.003161
   147/299       18G   0.02582   0.02236  0.001783   0.04996       122       640     0.898    0.8291    0.8702     0.612    0.5797   0.02762   0.02092  0.003176
   148/299       18G   0.02556   0.02236  0.001678    0.0496       153       640    0.9101     0.827    0.8735    0.6132    0.5807   0.02761    0.0209  0.003231
   149/299       18G   0.02587   0.02239  0.001756   0.05001       164       640    0.9029    0.8278    0.8716    0.6029    0.5779   0.02765   0.02099  0.003181
   150/299       18G   0.02565   0.02203  0.001641   0.04932       134       640    0.8901    0.8382    0.8736    0.6169    0.5794   0.02765   0.02101  0.003336
   151/299       18G   0.02564   0.02238  0.001709   0.04972       193       640    0.8985     0.831    0.8717    0.6123    0.5769   0.02766   0.02101  0.003359
   152/299       18G    0.0256   0.02229  0.001657   0.04955       142       640    0.8998    0.8242    0.8711     0.613    0.5761   0.02766     0.021  0.003397
   153/299       18G   0.02525   0.02206  0.001633   0.04895       163       640    0.8896    0.8438    0.8724      0.61    0.5733   0.02767   0.02106  0.003356
   154/299       18G   0.02545   0.02247  0.001666   0.04958       141       640    0.8972    0.8344    0.8714    0.6172    0.5765   0.02761   0.02102  0.003432
   155/299       18G   0.02554   0.02191  0.001648    0.0491       156       640     0.899    0.8335    0.8694    0.6109    0.5752   0.02755   0.02094  0.003362
   156/299       18G   0.02518   0.02202  0.001724   0.04893       184       640    0.8883    0.8505    0.8748    0.6099    0.5765   0.02755   0.02092   0.00329
   157/299       18G   0.02515   0.02179  0.001694   0.04864       143       640    0.8898    0.8426     0.874    0.6159    0.5792   0.02753   0.02101   0.00323
   158/299       18G   0.02532   0.02193  0.001673   0.04892       220       640    0.8954    0.8358    0.8754    0.6156    0.5802   0.02751   0.02106  0.003196
   159/299       18G   0.02499   0.02171  0.001646   0.04834       129       640    0.8936    0.8434    0.8758     0.614    0.5785   0.02753   0.02109  0.003127
   160/299       18G   0.02539    0.0224  0.001605   0.04939       224       640    0.8883    0.8516    0.8748    0.6222    0.5828   0.02754   0.02109  0.003242
   161/299       18G   0.02524   0.02227  0.001673   0.04918       172       640    0.8865     0.851    0.8747      0.62    0.5835   0.02752   0.02108  0.003279
   162/299       18G   0.02496   0.02136  0.001679     0.048       181       640    0.9109    0.8248    0.8747    0.6193    0.5825   0.02747    0.0211  0.003327
   163/299       18G   0.02489   0.02151  0.001619   0.04802        98       640    0.9019    0.8325    0.8764    0.6197    0.5817    0.0275   0.02113  0.003335
   164/299       18G   0.02523   0.02209  0.001633   0.04895       138       640    0.9004    0.8343    0.8746    0.6231     0.583    0.0275   0.02113  0.003287
   165/299       18G   0.02477   0.02131   0.00156   0.04764        76       640     0.895     0.838    0.8709    0.6273    0.5816   0.02753   0.02123  0.003035
   166/299       18G    0.0245   0.02163  0.001593   0.04772       195       640     0.903    0.8301    0.8754    0.6239    0.5841   0.02751   0.02124  0.002784
   167/299       18G   0.02487   0.02186  0.001559   0.04829       200       640     0.898    0.8332    0.8715    0.6246    0.5852   0.02751   0.02121   0.00264
   168/299       18G   0.02441   0.02131  0.001608   0.04733       155       640    0.8939    0.8293    0.8669    0.6228    0.5826   0.02755   0.02123  0.002627
   169/299       18G   0.02456   0.02136  0.001575    0.0475       141       640    0.8897    0.8355    0.8656    0.6289    0.5827   0.02749   0.02122  0.002721
   170/299       18G   0.02464   0.02132  0.001547   0.04751       232       640    0.8999    0.8312    0.8674      0.62     0.582   0.02745   0.02121  0.002847
   171/299       18G   0.02437   0.02124  0.001497   0.04711       140       640     0.899    0.8271    0.8712    0.6205    0.5819   0.02744   0.02118  0.003122
   172/299       18G   0.02419   0.02135  0.001535   0.04708       106       640    0.8969    0.8276    0.8696    0.6213    0.5829   0.02745   0.02115  0.003205
   173/299       18G   0.02415   0.02119  0.001578   0.04692       155       640    0.9025    0.8251    0.8694    0.6272    0.5844   0.02746   0.02118  0.003253
   174/299       18G   0.02435   0.02146  0.001572   0.04738       131       640    0.8995    0.8282    0.8685    0.6245     0.582   0.02745   0.02118    0.0033
   175/299       18G   0.02457   0.02151  0.001589   0.04766       163       640    0.8963    0.8313    0.8694    0.6242    0.5816   0.02746    0.0212  0.003308
   176/299       18G   0.02436   0.02144  0.001572   0.04736       179       640    0.8884    0.8429    0.8731    0.6202    0.5814   0.02745   0.02127  0.003278
   177/299       18G   0.02432   0.02155  0.001522    0.0474       124       640    0.8899    0.8355    0.8711    0.6234    0.5828   0.02745   0.02124  0.003232
   178/299       18G     0.024   0.02117  0.001514   0.04668       156       640    0.8831    0.8419    0.8717     0.623    0.5808   0.02743   0.02119   0.00327
   179/299       18G   0.02415   0.02101  0.001522   0.04668        98       640    0.8912    0.8402    0.8707    0.6223    0.5811   0.02742   0.02127  0.003307
   180/299       18G   0.02422   0.02092  0.001517   0.04666       116       640    0.9019    0.8398    0.8738    0.6247    0.5817   0.02742   0.02131  0.003337
   181/299       18G   0.02378   0.02069  0.001489   0.04595       105       640    0.8959    0.8365    0.8682    0.6271    0.5808   0.02738   0.02131  0.003366
   182/299       18G    0.0243   0.02121   0.00154   0.04704       161       640    0.8969    0.8355    0.8686    0.6267    0.5809   0.02737   0.02128  0.003365
   183/299       18G   0.02409   0.02093  0.001487    0.0465       165       640     0.906    0.8351    0.8706    0.6332    0.5822   0.02738   0.02131  0.003329
   184/299       18G   0.02385   0.02039  0.001506   0.04574       123       640    0.9065    0.8347    0.8738    0.6304    0.5824   0.02738   0.02136  0.003352
   185/299       18G    0.0237   0.02097  0.001497   0.04617       181       640    0.9009    0.8387     0.875    0.6278    0.5825    0.0274   0.02141  0.003282
   186/299       18G   0.02385   0.02098  0.001557   0.04639       199       640    0.8935    0.8418    0.8716    0.6251    0.5823   0.02737   0.02142  0.003231
   187/299       18G   0.02403   0.02099  0.001432   0.04645       161       640    0.8981    0.8395    0.8733    0.6301    0.5842   0.02735   0.02142  0.003341
   188/299       18G   0.02379   0.02051  0.001421   0.04572       193       640    0.8955    0.8455    0.8736    0.6258    0.5831   0.02736   0.02143  0.003413
   189/299       18G   0.02357   0.02067  0.001516   0.04575       162       640    0.8946    0.8447    0.8724    0.6271    0.5847   0.02733   0.02142  0.003417
   190/299       18G   0.02374   0.02087  0.001461   0.04607       224       640     0.903    0.8315    0.8692    0.6242    0.5854   0.02732   0.02142   0.00343
   191/299       18G    0.0236   0.02055  0.001412   0.04556       210       640    0.8907    0.8461    0.8737    0.6277    0.5864   0.02734   0.02143  0.003439
   192/299       18G   0.02325   0.02051   0.00142   0.04518       172       640    0.8978    0.8414    0.8738     0.632    0.5873   0.02732   0.02145  0.003428
   193/299       18G   0.02309   0.02057  0.001404   0.04506       196       640    0.9012    0.8358    0.8743    0.6288     0.587   0.02732   0.02147  0.003427
   194/299       18G   0.02361   0.02033  0.001413   0.04536       136       640    0.9062    0.8315    0.8752    0.6322    0.5866   0.02731   0.02146  0.003429
   195/299       18G   0.02349    0.0204  0.001461   0.04536       195       640    0.8895    0.8429    0.8739    0.6285    0.5861    0.0273   0.02149  0.003365
   196/299       18G   0.02329   0.02024  0.001434   0.04497       154       640    0.8863     0.849     0.876    0.6301    0.5867   0.02731   0.02157  0.003333
   197/299       18G   0.02335   0.02023  0.001359   0.04494       152       640    0.8863     0.849     0.875    0.6292    0.5854    0.0273    0.0216   0.00332
   198/299       18G   0.02326   0.02044  0.001435   0.04514       188       640    0.8915    0.8461    0.8748     0.627    0.5862    0.0273   0.02163  0.003317
   199/299       18G   0.02342   0.02026  0.001462   0.04514       229       640     0.891    0.8459    0.8742    0.6244    0.5876   0.02729   0.02164  0.003353
   200/299       18G   0.02317   0.02018    0.0014   0.04475       184       640    0.8847    0.8515    0.8741    0.6301    0.5878   0.02728   0.02165  0.003348
   201/299       18G   0.02295   0.02001   0.00136   0.04432       118       640    0.8922    0.8481    0.8741    0.6349    0.5884   0.02726    0.0217  0.003349
   202/299       18G   0.02306   0.01999  0.001441   0.04449       204       640    0.8945    0.8463    0.8739    0.6327    0.5871   0.02726   0.02172  0.003338
   203/299       18G   0.02281   0.02019  0.001431   0.04443       176       640    0.8857    0.8484     0.874    0.6318     0.588   0.02726   0.02172  0.003322
   204/299       18G   0.02336   0.02019  0.001379   0.04492       152       640    0.8826    0.8549     0.875    0.6302    0.5885   0.02725   0.02169  0.003322
   205/299       18G   0.02323   0.01983  0.001422   0.04448       123       640     0.882    0.8546    0.8744    0.6305    0.5868   0.02725    0.0217  0.003266
   206/299       18G   0.02295   0.02046  0.001395   0.04481       235       640    0.8862     0.851    0.8746    0.6334    0.5889   0.02723    0.0217  0.003205
   207/299       18G   0.02296   0.02026  0.001354   0.04457       164       640    0.8843    0.8526    0.8764    0.6315    0.5871   0.02723   0.02172  0.003142
   208/299       18G   0.02292   0.01978  0.001402   0.04409       214       640    0.8849      0.85    0.8733    0.6355    0.5878   0.02723   0.02172  0.003085
   209/299       18G   0.02291    0.0201  0.001413   0.04443       112       640    0.8942    0.8434     0.874    0.6297    0.5874   0.02722    0.0217  0.003097
   210/299       18G   0.02286   0.02003  0.001357   0.04424       124       640    0.8959    0.8441    0.8749    0.6256    0.5869   0.02722   0.02172  0.003061
   211/299       18G   0.02268   0.01972  0.001379   0.04378       220       640     0.896    0.8443    0.8758    0.6304    0.5864   0.02723   0.02175  0.002966
   212/299       18G   0.02284   0.01952  0.001349   0.04371       158       640    0.8802     0.857     0.876    0.6393    0.5872   0.02724   0.02178  0.002898
   213/299       18G   0.02238    0.0194   0.00136   0.04313       192       640    0.8876    0.8502    0.8791    0.6346     0.588   0.02723   0.02179  0.002884
   214/299       18G   0.02263   0.01993  0.001289   0.04386       171       640    0.8877    0.8526    0.8778    0.6343    0.5878   0.02723   0.02182  0.002962
   215/299       18G   0.02274   0.01954   0.00134   0.04363       216       640    0.8858    0.8544    0.8789    0.6351    0.5898   0.02721    0.0218  0.003066
   216/299       18G   0.02259   0.01971   0.00132   0.04361       155       640     0.895    0.8508    0.8777    0.6394    0.5907    0.0272    0.0218  0.003082
   217/299       18G   0.02272   0.01944  0.001385   0.04355       107       640    0.8929    0.8531    0.8766    0.6387    0.5893   0.02719   0.02179  0.003109
   218/299       18G   0.02241   0.01948  0.001368   0.04326       191       640    0.8904    0.8524    0.8743    0.6388    0.5902   0.02718   0.02178  0.003166
   219/299       18G   0.02226   0.01947  0.001298   0.04303       126       640    0.8926    0.8501    0.8759    0.6393    0.5896   0.02719    0.0218  0.003166
   220/299       18G    0.0225   0.01956  0.001328   0.04339       195       640    0.8796     0.861    0.8741    0.6365    0.5892   0.02717   0.02181  0.003204
   221/299       18G   0.02241   0.01967  0.001359   0.04344       162       640    0.8843    0.8535    0.8716    0.6374    0.5894   0.02718   0.02184  0.003231
   222/299       18G   0.02226   0.01947  0.001335   0.04307       192       640    0.8864    0.8553    0.8743    0.6347    0.5898   0.02718   0.02187  0.003233
   223/299       18G   0.02212   0.01887  0.001339   0.04233       207       640    0.8878    0.8547    0.8725     0.633    0.5887   0.02719   0.02188  0.003222
   224/299       18G   0.02218    0.0193  0.001371   0.04285       128       640    0.8865    0.8541    0.8723    0.6336    0.5894   0.02719   0.02191  0.003171
   225/299       18G    0.0225    0.0194  0.001296    0.0432       131       640    0.8857    0.8521    0.8711    0.6373    0.5902   0.02717   0.02192  0.003158
   226/299       18G   0.02201   0.01971  0.001317   0.04304       227       640    0.8853    0.8524    0.8703    0.6355    0.5892   0.02715   0.02193  0.003175
   227/299       18G   0.02194   0.01934  0.001395   0.04267       177       640    0.8865    0.8524    0.8708    0.6337    0.5886   0.02714   0.02194  0.003154
   228/299       18G   0.02226   0.01939  0.001242    0.0429       119       640    0.8879    0.8544     0.873    0.6377    0.5887   0.02713   0.02196  0.003145
   229/299       18G   0.02185   0.01903  0.001269   0.04215       292       640    0.8878    0.8532    0.8745    0.6349    0.5884   0.02714   0.02199  0.003112
   230/299       18G   0.02243   0.01964  0.001278   0.04335       171       640     0.884    0.8572    0.8739    0.6359    0.5884   0.02714   0.02202  0.003054
   231/299       18G   0.02202   0.01921  0.001315   0.04254       143       640    0.8863    0.8559    0.8746    0.6349    0.5891   0.02713   0.02203  0.003001
   232/299       18G   0.02158   0.01935  0.001307   0.04223       178       640    0.8882    0.8554    0.8749    0.6324    0.5888   0.02713   0.02205  0.002942
   233/299       18G   0.02197   0.01888  0.001269   0.04212       163       640    0.8913    0.8546     0.876    0.6352    0.5901   0.02713   0.02207  0.002824
   234/299       18G   0.02187   0.01906  0.001269   0.04221       148       640    0.8897    0.8583    0.8781    0.6338    0.5897   0.02712   0.02211  0.002779
   235/299       18G    0.0219   0.01922  0.001286    0.0424       160       640    0.8886    0.8583    0.8788    0.6349    0.5899   0.02712   0.02213  0.002755
   236/299       18G     0.022    0.0196  0.001329   0.04292       187       640    0.8877    0.8582    0.8787    0.6352    0.5907   0.02712   0.02215   0.00278
   237/299       18G   0.02171   0.01912  0.001234   0.04207       152       640    0.8906    0.8532    0.8771    0.6361     0.591   0.02712   0.02217  0.002823
   238/299       18G   0.02194   0.01863  0.001281   0.04186       161       640    0.8852    0.8571    0.8769    0.6352    0.5915   0.02712   0.02219  0.002909
   239/299       18G   0.02176   0.01889  0.001245   0.04189       175       640    0.8859    0.8561    0.8772    0.6345     0.591   0.02711   0.02221  0.002938
   240/299       18G   0.02198   0.01913  0.001293   0.04241       189       640    0.8848    0.8565     0.877    0.6328    0.5912   0.02711   0.02223  0.002905
   241/299       18G   0.02168   0.01895  0.001298   0.04192       187       640    0.8973    0.8423    0.8757    0.6335    0.5915   0.02711   0.02224  0.002864
   242/299       18G   0.02149    0.0186  0.001203   0.04129       109       640    0.8827     0.856     0.876    0.6358    0.5924   0.02711   0.02225   0.00282
   243/299       18G   0.02147   0.01867  0.001245   0.04139       140       640    0.8864    0.8579    0.8764    0.6364    0.5921   0.02711   0.02227   0.00278
   244/299       18G   0.02179   0.01891  0.001263   0.04197       153       640     0.888    0.8585    0.8774    0.6357    0.5928    0.0271   0.02227  0.002766
   245/299       18G   0.02153   0.01857  0.001267   0.04137       169       640    0.8899    0.8564    0.8767     0.636    0.5934    0.0271   0.02229  0.002755
   246/299       18G   0.02151   0.01856  0.001261   0.04133       133       640    0.8899    0.8578     0.878    0.6317    0.5929    0.0271   0.02232  0.002743
   247/299       18G   0.02126   0.01831  0.001256   0.04082       223       640    0.8925    0.8546    0.8783    0.6303    0.5924   0.02711   0.02233  0.002736
   248/299       18G   0.02132   0.01834  0.001202   0.04086       170       640    0.8856    0.8589    0.8777    0.6299    0.5928   0.02711   0.02235  0.002747
   249/299       18G   0.02133   0.01819  0.001231   0.04075       176       640    0.8875     0.859    0.8787    0.6305    0.5921   0.02712   0.02238  0.002753
   250/299       18G   0.02113   0.01817   0.00127   0.04057       159       640     0.887    0.8628    0.8795     0.634    0.5924   0.02712    0.0224  0.002761
   251/299       18G   0.02141   0.01905  0.001277   0.04174       126       640    0.8898    0.8589    0.8777    0.6288    0.5909   0.02712   0.02242  0.002767
   252/299       18G   0.02135   0.01866  0.001242   0.04125       205       640    0.8881    0.8612    0.8785    0.6359    0.5916   0.02712   0.02243  0.002779
   253/299       18G   0.02119   0.01877  0.001213   0.04117       180       640     0.888    0.8598    0.8778    0.6344    0.5908   0.02713   0.02246  0.002778
   254/299       18G   0.02119   0.01819  0.001258   0.04064       149       640    0.8887    0.8599    0.8777    0.6338    0.5909   0.02713   0.02246  0.002771
   255/299       18G   0.02118   0.01856   0.00124   0.04098       210       640    0.8867    0.8608    0.8786    0.6341    0.5916   0.02714   0.02248   0.00277
   256/299       18G   0.02111   0.01833  0.001188   0.04063       164       640     0.893    0.8565    0.8788    0.6345    0.5921   0.02714   0.02249  0.002776
   257/299       18G     0.021   0.01834  0.001199   0.04054       203       640    0.8893    0.8603    0.8784    0.6337    0.5915   0.02714   0.02251  0.002783
   258/299       18G   0.02113    0.0186  0.001195   0.04092       113       640    0.8932    0.8571     0.878    0.6329    0.5914   0.02714   0.02252  0.002792
   259/299       18G   0.02126   0.01815  0.001243   0.04065       163       640    0.8933    0.8572     0.877    0.6322    0.5913   0.02714   0.02253  0.002797
   260/299       18G   0.02105    0.0182  0.001236   0.04048       129       640    0.8921    0.8573    0.8766    0.6312    0.5908   0.02713   0.02255  0.002816
   261/299       18G   0.02098   0.01836  0.001216   0.04056       144       640    0.8927    0.8568     0.877    0.6279    0.5908   0.02713   0.02256  0.002837
   262/299       18G   0.02105   0.01815  0.001285   0.04049       269       640    0.8897    0.8606    0.8776    0.6278    0.5907   0.02713   0.02257  0.002849
   263/299       18G   0.02097   0.01806  0.001257   0.04029       123       640      0.89    0.8604    0.8775      0.63    0.5911   0.02713   0.02257  0.002844
   264/299       18G   0.02093   0.01815  0.001178   0.04026       151       640    0.8901    0.8574    0.8751    0.6298    0.5903   0.02713   0.02257  0.002856
   265/299       18G   0.02086   0.01777  0.001192   0.03983       189       640    0.8894    0.8595    0.8772    0.6305    0.5908   0.02713   0.02258  0.002872
   266/299       18G    0.0208   0.01811  0.001211   0.04012       152       640    0.8923    0.8564    0.8768    0.6314    0.5907   0.02713    0.0226  0.002879
   267/299       18G   0.02094   0.01798  0.001201   0.04012       172       640     0.888    0.8577     0.875    0.6337    0.5913   0.02713   0.02261  0.002895
   268/299       18G   0.02098    0.0183  0.001227   0.04051       176       640    0.8881    0.8576    0.8747    0.6379    0.5916   0.02713   0.02262  0.002905
   269/299       18G   0.02057   0.01792  0.001188   0.03968       194       640    0.8904    0.8571    0.8753    0.6347    0.5916   0.02713   0.02263  0.002904
   270/299       18G   0.02031   0.01791  0.001182   0.03939       137       640    0.8913    0.8566    0.8751    0.6356    0.5915   0.02713   0.02265  0.002904
   271/299       18G   0.02095   0.01785  0.001213   0.04001       197       640    0.8893    0.8583    0.8756     0.635    0.5917   0.02713   0.02266  0.002912
   272/299       18G    0.0207     0.018  0.001192   0.03989       150       640    0.8919    0.8566     0.875    0.6317    0.5913   0.02713   0.02267  0.002925
   273/299       18G   0.02082   0.01826   0.00125   0.04034       147       640    0.8907     0.857    0.8748    0.6308    0.5911   0.02713   0.02269  0.002929
   274/299       18G   0.02094   0.01803  0.001197   0.04017       196       640    0.8906     0.857    0.8749      0.63    0.5914   0.02712   0.02271  0.002936
   275/299       18G   0.02071   0.01775  0.001159   0.03962       197       640    0.8908    0.8557    0.8744      0.63    0.5912   0.02712   0.02272  0.002939
   276/299       18G   0.02046   0.01768  0.001179   0.03932       168       640    0.9006    0.8472    0.8745    0.6306    0.5906   0.02712   0.02273  0.002924
   277/299       18G   0.02041   0.01765   0.00115   0.03921       201       640    0.8893    0.8577     0.874     0.633    0.5914   0.02711   0.02274  0.002904
   278/299       18G   0.02089   0.01782  0.001206   0.03991       114       640    0.9016    0.8481    0.8743    0.6322    0.5917   0.02711   0.02274  0.002885
   279/299       18G   0.02097   0.01748  0.001213   0.03966       182       640    0.9007    0.8483     0.875    0.6326    0.5915   0.02711   0.02274  0.002866
   280/299       18G   0.02091   0.01791  0.001155   0.03997       147       640    0.8988    0.8486    0.8744    0.6317    0.5916   0.02711   0.02275  0.002848
   281/299       18G   0.02042    0.0179  0.001165   0.03948       165       640    0.8994    0.8482    0.8744    0.6347    0.5921   0.02711   0.02277  0.002834
   282/299       18G   0.02019   0.01766  0.001121   0.03898       122       640    0.8984    0.8483    0.8744    0.6335    0.5917   0.02711   0.02278  0.002826
   283/299       18G   0.02029   0.01742  0.001148   0.03886       153       640    0.8968    0.8487    0.8749     0.633    0.5916   0.02711   0.02278  0.002814
   284/299       18G   0.02061   0.01731  0.001212   0.03913       177       640    0.8964    0.8489     0.874    0.6312    0.5904   0.02711    0.0228  0.002799
   285/299       18G   0.02065   0.01788   0.00121   0.03974       218       640    0.8968    0.8488    0.8745    0.6311    0.5903   0.02711   0.02281  0.002781
   286/299       18G   0.02032   0.01778  0.001131   0.03923       138       640    0.8969    0.8485    0.8738    0.6317    0.5906   0.02711   0.02281  0.002767
   287/299       18G   0.02029   0.01766  0.001165   0.03912       149       640    0.8973    0.8486    0.8752     0.635    0.5914   0.02711   0.02283  0.002756
   288/299       18G   0.02054    0.0177  0.001164    0.0394       101       640    0.8934    0.8505    0.8739    0.6341     0.591   0.02711   0.02284  0.002745
   289/299       18G   0.02052   0.01787  0.001154   0.03955       178       640    0.8944    0.8506     0.875    0.6352    0.5909   0.02711   0.02284  0.002737
   290/299       18G   0.02048   0.01752  0.001188   0.03919       133       640    0.8857    0.8607    0.8758    0.6355    0.5916   0.02711   0.02286  0.002735
   291/299       18G   0.02035    0.0176  0.001168   0.03913       112       640    0.8863    0.8628     0.876    0.6363    0.5914   0.02712   0.02288  0.002727
   292/299       18G   0.02019   0.01735  0.001223   0.03876       181       640    0.8872    0.8611    0.8753    0.6372    0.5915   0.02712   0.02289  0.002721
   293/299       18G   0.02015   0.01717  0.001104   0.03843       139       640    0.8877    0.8603    0.8752    0.6376    0.5914   0.02712   0.02289  0.002723
   294/299       18G   0.02055    0.0177  0.001186   0.03943       189       640    0.8868    0.8615    0.8759     0.638    0.5919   0.02712   0.02289  0.002718
   295/299       18G   0.02038    0.0175  0.001135   0.03902       150       640    0.8866      0.86    0.8746    0.6358    0.5915   0.02712    0.0229  0.002706
   296/299       18G   0.02033    0.0179  0.001144   0.03938       158       640    0.8858    0.8591    0.8748    0.6368    0.5921   0.02712   0.02291    0.0027
   297/299       18G   0.02019   0.01734  0.001166   0.03869       146       640    0.8944    0.8489    0.8745    0.6364    0.5917   0.02713   0.02293  0.002703
   298/299       18G   0.02047   0.01736  0.001092   0.03893       188       640    0.8952    0.8499     0.875    0.6369    0.5921   0.02713   0.02293    0.0027
   299/299       18G   0.02051   0.01728  0.001192   0.03898       164       640    0.8939    0.8507    0.8748    0.6355    0.5919   0.02713   0.02294  0.002701
